"collectioncode","catalognumber","scientificname","commonname","datelastmodified","detectedby","receiver_group","station","receiver","bottom_depth","receiver_depth","tagname","codespace","sensorname","sensorraw","sensortype","sensorvalue","sensorunit","datecollected","timezone","longitude","latitude","the_geom","yearcollected","monthcollected","daycollected","julianday","timeofday","local_area","notes","citation","unqdetecid","contact_poc","contact_pi"
"HCTS","HCTS-A69-9007-6140-2022-02-17","Limulus polyphemus","horseshoe crab","2023-08-20","HCTS","HCTS","Gator Creek","release",NA,NA,"A69-9007-6140","","",NA,NA,NA,"","2022-02-17 12:00:00","UTC",-80.78707,28.62756,"0101000020E61000006A6AD95A5F3254C07B4FE5B4A7A03C40",2022,2,17,48,12,"Gator Creek","AGE: Y; AGE_UNITS: Y,M,O","Fusco, K., et al. 2021.","HCTS-A69-9007-6140-2022-02-17-release-A69-9007-6140","Kirk Fusco (kirk.fusco@floridadep.gov)","Kirk Fusco (kirk.fusco@floridadep.gov)"
"HCTS","HCTS-A69-9007-6140-2022-02-17","Limulus polyphemus","horseshoe crab","2023-10-18","HCTSA","HCTSA","487549-NE","487549",1.2,0.3,"A69-9007-6140","A69-9007","A69-9007-6140",173,NA,NA,"ADC","2022-02-18 02:49:42","UTC",-80.78791,28.62577,"0101000020E61000003F8C101E6D3254C063D1747632A03C40",2022,2,18,49,2.82833333333333,"Titusville","","Fusco, K., et al. 2021.","HCTSA-A69-9007-6140-20428","Kirk Fusco (kirk.fusco@floridadep.gov)","Kirk Fusco (kirk.fusco@floridadep.gov)"
"HCTS","HCTS-A69-9007-6140-2022-02-17","Limulus polyphemus","horseshoe crab","2023-10-18","HCTSA","HCTSA","487549-NE","487549",1.2,0.3,"A69-9007-6140","A69-9007","A69-9007-6140",172,NA,NA,"ADC","2022-02-18 02:53:42","UTC",-80.78791,28.62577,"0101000020E61000003F8C101E6D3254C063D1747632A03C40",2022,2,18,49,2.895,"Titusville","","Fusco, K., et al. 2021.","HCTSA-A69-9007-6140-20432","Kirk Fusco (kirk.fusco@floridadep.gov)","Kirk Fusco (kirk.fusco@floridadep.gov)"
"HCTS","HCTS-A69-9007-6140-2022-02-17","Limulus polyphemus","horseshoe crab","2023-10-18","HCTSA","HCTSA","487549-NE","487549",1.2,0.3,"A69-9007-6140","A69-9007","A69-9007-6140",173,NA,NA,"ADC","2022-02-18 02:58:28","UTC",-80.78791,28.62577,"0101000020E61000003F8C101E6D3254C063D1747632A03C40",2022,2,18,49,2.97444444444444,"Titusville","","Fusco, K., et al. 2021.","HCTSA-A69-9007-6140-20435","Kirk Fusco (kirk.fusco@floridadep.gov)","Kirk Fusco (kirk.fusco@floridadep.gov)"
"HCTS","HCTS-A69-9007-6140-2022-02-17","Limulus polyphemus","horseshoe crab","2023-10-18","HCTSA","HCTSA","487549-NE","487549",1.2,0.3,"A69-9007-6140","A69-9007","A69-9007-6140",173,NA,NA,"ADC","2022-02-18 03:11:01","UTC",-80.78791,28.62577,"0101000020E61000003F8C101E6D3254C063D1747632A03C40",2022,2,18,49,3.18361111111111,"Titusville","","Fusco, K., et al. 2021.","HCTSA-A69-9007-6140-20452","Kirk Fusco (kirk.fusco@floridadep.gov)","Kirk Fusco (kirk.fusco@floridadep.gov)"
"HCTS","HCTS-A69-9007-6140-2022-02-17","Limulus polyphemus","horseshoe crab","2023-10-18","HCTSA","HCTSA","487549-NE","487549",1.2,0.3,"A69-9007-6140","A69-9007","A69-9007-6140",172,NA,NA,"ADC","2022-02-18 03:15:06","UTC",-80.78791,28.62577,"0101000020E61000003F8C101E6D3254C063D1747632A03C40",2022,2,18,49,3.25166666666667,"Titusville","","Fusco, K., et al. 2021.","HCTSA-A69-9007-6140-20458","Kirk Fusco (kirk.fusco@floridadep.gov)","Kirk Fusco (kirk.fusco@floridadep.gov)"
"HCTS","HCTS-A69-9007-6140-2022-02-17","Limulus polyphemus","horseshoe crab","2023-10-18","HCTSA","HCTSA","487549-NE","487549",1.2,0.3,"A69-9007-6140","A69-9007","A69-9007-6140",172,NA,NA,"ADC","2022-02-18 03:18:20","UTC",-80.78791,28.62577,"0101000020E61000003F8C101E6D3254C063D1747632A03C40",2022,2,18,49,3.30555555555556,"Titusville","","Fusco, K., et al. 2021.","HCTSA-A69-9007-6140-20460","Kirk Fusco (kirk.fusco@floridadep.gov)","Kirk Fusco (kirk.fusco@floridadep.gov)"
"HCTS","HCTS-A69-9007-6140-2022-02-17","Limulus polyphemus","horseshoe crab","2023-10-18","HCTSA","HCTSA","487549-NE","487549",1.2,0.3,"A69-9007-6140","A69-9007","A69-9007-6140",172,NA,NA,"ADC","2022-02-18 03:21:35","UTC",-80.78791,28.62577,"0101000020E61000003F8C101E6D3254C063D1747632A03C40",2022,2,18,49,3.35972222222222,"Titusville","","Fusco, K., et al. 2021.","HCTSA-A69-9007-6140-20470","Kirk Fusco (kirk.fusco@floridadep.gov)","Kirk Fusco (kirk.fusco@floridadep.gov)"
"HCTS","HCTS-A69-9007-6140-2022-02-17","Limulus polyphemus","horseshoe crab","2023-10-18","HCTSA","HCTSA","487549-NE","487549",1.2,0.3,"A69-9007-6140","A69-9007","A69-9007-6140",172,NA,NA,"ADC","2022-02-18 03:24:51","UTC",-80.78791,28.62577,"0101000020E61000003F8C101E6D3254C063D1747632A03C40",2022,2,18,49,3.41416666666667,"Titusville","","Fusco, K., et al. 2021.","HCTSA-A69-9007-6140-20475","Kirk Fusco (kirk.fusco@floridadep.gov)","Kirk Fusco (kirk.fusco@floridadep.gov)"
"HCTS","HCTS-A69-9007-6140-2022-02-17","Limulus polyphemus","horseshoe crab","2023-10-18","HCTSA","HCTSA","487549-NE","487549",1.2,0.3,"A69-9007-6140","A69-9007","A69-9007-6140",172,NA,NA,"ADC","2022-02-18 03:34:41","UTC",-80.78791,28.62577,"0101000020E61000003F8C101E6D3254C063D1747632A03C40",2022,2,18,49,3.57805555555556,"Titusville","","Fusco, K., et al. 2021.","HCTSA-A69-9007-6140-20486","Kirk Fusco (kirk.fusco@floridadep.gov)","Kirk Fusco (kirk.fusco@floridadep.gov)"
"HCTS","HCTS-A69-9007-6140-2022-02-17","Limulus polyphemus","horseshoe crab","2023-10-18","HCTSA","HCTSA","487549-NE","487549",1.2,0.3,"A69-9007-6140","A69-9007","A69-9007-6140",171,NA,NA,"ADC","2022-02-18 03:41:32","UTC",-80.78791,28.62577,"0101000020E61000003F8C101E6D3254C063D1747632A03C40",2022,2,18,49,3.69222222222222,"Titusville","","Fusco, K., et al. 2021.","HCTSA-A69-9007-6140-20494","Kirk Fusco (kirk.fusco@floridadep.gov)","Kirk Fusco (kirk.fusco@floridadep.gov)"
"HCTS","HCTS-A69-9007-6140-2022-02-17","Limulus polyphemus","horseshoe crab","2023-10-18","HCTSA","HCTSA","487549-NE","487549",1.2,0.3,"A69-9007-6140","A69-9007","A69-9007-6140",171,NA,NA,"ADC","2022-02-18 03:45:15","UTC",-80.78791,28.62577,"0101000020E61000003F8C101E6D3254C063D1747632A03C40",2022,2,18,49,3.75416666666667,"Titusville","","Fusco, K., et al. 2021.","HCTSA-A69-9007-6140-20500","Kirk Fusco (kirk.fusco@floridadep.gov)","Kirk Fusco (kirk.fusco@floridadep.gov)"
"HCTS","HCTS-A69-9007-6140-2022-02-17","Limulus polyphemus","horseshoe crab","2023-10-18","HCTSA","HCTSA","487549-NE","487549",1.2,0.3,"A69-9007-6140","A69-9007","A69-9007-6140",171,NA,NA,"ADC","2022-02-18 04:01:20","UTC",-80.78791,28.62577,"0101000020E61000003F8C101E6D3254C063D1747632A03C40",2022,2,18,49,4.02222222222222,"Titusville","","Fusco, K., et al. 2021.","HCTSA-A69-9007-6140-20518","Kirk Fusco (kirk.fusco@floridadep.gov)","Kirk Fusco (kirk.fusco@floridadep.gov)"
"HCTS","HCTS-A69-9007-6140-2022-02-17","Limulus polyphemus","horseshoe crab","2023-10-18","HCTSA","HCTSA","487549-NE","487549",1.2,0.3,"A69-9007-6140","A69-9007","A69-9007-6140",171,NA,NA,"ADC","2022-02-18 04:05:21","UTC",-80.78791,28.62577,"0101000020E61000003F8C101E6D3254C063D1747632A03C40",2022,2,18,49,4.08916666666667,"Titusville","","Fusco, K., et al. 2021.","HCTSA-A69-9007-6140-20524","Kirk Fusco (kirk.fusco@floridadep.gov)","Kirk Fusco (kirk.fusco@floridadep.gov)"
"HCTS","HCTS-A69-9007-6140-2022-02-17","Limulus polyphemus","horseshoe crab","2023-10-18","HCTSA","HCTSA","487549-NE","487549",1.2,0.3,"A69-9007-6140","A69-9007","A69-9007-6140",171,NA,NA,"ADC","2022-02-18 04:10:08","UTC",-80.78791,28.62577,"0101000020E61000003F8C101E6D3254C063D1747632A03C40",2022,2,18,49,4.16888888888889,"Titusville","","Fusco, K., et al. 2021.","HCTSA-A69-9007-6140-20530","Kirk Fusco (kirk.fusco@floridadep.gov)","Kirk Fusco (kirk.fusco@floridadep.gov)"
"HCTS","HCTS-A69-9007-6140-2022-02-17","Limulus polyphemus","horseshoe crab","2023-10-18","HCTSA","HCTSA","487549-NE","487549",1.2,0.3,"A69-9007-6140","A69-9007","A69-9007-6140",171,NA,NA,"ADC","2022-02-18 04:23:14","UTC",-80.78791,28.62577,"0101000020E61000003F8C101E6D3254C063D1747632A03C40",2022,2,18,49,4.38722222222222,"Titusville","","Fusco, K., et al. 2021.","HCTSA-A69-9007-6140-20548","Kirk Fusco (kirk.fusco@floridadep.gov)","Kirk Fusco (kirk.fusco@floridadep.gov)"
"HCTS","HCTS-A69-9007-6140-2022-02-17","Limulus polyphemus","horseshoe crab","2023-10-18","HCTSA","HCTSA","487549-NE","487549",1.2,0.3,"A69-9007-6140","A69-9007","A69-9007-6140",171,NA,NA,"ADC","2022-02-18 04:27:57","UTC",-80.78791,28.62577,"0101000020E61000003F8C101E6D3254C063D1747632A03C40",2022,2,18,49,4.46583333333333,"Titusville","","Fusco, K., et al. 2021.","HCTSA-A69-9007-6140-20554","Kirk Fusco (kirk.fusco@floridadep.gov)","Kirk Fusco (kirk.fusco@floridadep.gov)"
"HCTS","HCTS-A69-9007-6140-2022-02-17","Limulus polyphemus","horseshoe crab","2023-10-18","HCTSA","HCTSA","487549-NE","487549",1.2,0.3,"A69-9007-6140","A69-9007","A69-9007-6140",170,NA,NA,"ADC","2022-02-18 04:36:41","UTC",-80.78791,28.62577,"0101000020E61000003F8C101E6D3254C063D1747632A03C40",2022,2,18,49,4.61138888888889,"Titusville","","Fusco, K., et al. 2021.","HCTSA-A69-9007-6140-20569","Kirk Fusco (kirk.fusco@floridadep.gov)","Kirk Fusco (kirk.fusco@floridadep.gov)"
"HCTS","HCTS-A69-9007-6140-2022-02-17","Limulus polyphemus","horseshoe crab","2023-10-18","HCTSA","HCTSA","487549-NE","487549",1.2,0.3,"A69-9007-6140","A69-9007","A69-9007-6140",171,NA,NA,"ADC","2022-02-18 04:40:09","UTC",-80.78791,28.62577,"0101000020E61000003F8C101E6D3254C063D1747632A03C40",2022,2,18,49,4.66916666666667,"Titusville","","Fusco, K., et al. 2021.","HCTSA-A69-9007-6140-20571","Kirk Fusco (kirk.fusco@floridadep.gov)","Kirk Fusco (kirk.fusco@floridadep.gov)"
"HCTS","HCTS-A69-9007-6140-2022-02-17","Limulus polyphemus","horseshoe crab","2023-10-18","HCTSA","HCTSA","487549-NE","487549",1.2,0.3,"A69-9007-6140","A69-9007","A69-9007-6140",170,NA,NA,"ADC","2022-02-18 04:43:50","UTC",-80.78791,28.62577,"0101000020E61000003F8C101E6D3254C063D1747632A03C40",2022,2,18,49,4.73055555555556,"Titusville","","Fusco, K., et al. 2021.","HCTSA-A69-9007-6140-20579","Kirk Fusco (kirk.fusco@floridadep.gov)","Kirk Fusco (kirk.fusco@floridadep.gov)"
"HCTS","HCTS-A69-9007-6140-2022-02-17","Limulus polyphemus","horseshoe crab","2023-10-18","HCTSA","HCTSA","487549-NE","487549",1.2,0.3,"A69-9007-6140","A69-9007","A69-9007-6140",171,NA,NA,"ADC","2022-02-18 04:47:57","UTC",-80.78791,28.62577,"0101000020E61000003F8C101E6D3254C063D1747632A03C40",2022,2,18,49,4.79916666666667,"Titusville","","Fusco, K., et al. 2021.","HCTSA-A69-9007-6140-20587","Kirk Fusco (kirk.fusco@floridadep.gov)","Kirk Fusco (kirk.fusco@floridadep.gov)"
"HCTS","HCTS-A69-9007-6140-2022-02-17","Limulus polyphemus","horseshoe crab","2023-10-18","HCTSA","HCTSA","487549-NE","487549",1.2,0.3,"A69-9007-6140","A69-9007","A69-9007-6140",171,NA,NA,"ADC","2022-02-18 04:51:18","UTC",-80.78791,28.62577,"0101000020E61000003F8C101E6D3254C063D1747632A03C40",2022,2,18,49,4.855,"Titusville","","Fusco, K., et al. 2021.","HCTSA-A69-9007-6140-20592","Kirk Fusco (kirk.fusco@floridadep.gov)","Kirk Fusco (kirk.fusco@floridadep.gov)"
"HCTS","HCTS-A69-9007-6140-2022-02-17","Limulus polyphemus","horseshoe crab","2023-10-18","HCTSA","HCTSA","487551-W","487551",1.2,0.3,"A69-9007-6140","A69-9007","A69-9007-6140",171,NA,NA,"ADC","2022-02-18 04:51:19","UTC",-80.79027,28.62344,"0101000020E6100000A3409FC8933254C0AB048BC3999F3C40",2022,2,18,49,4.85527777777778,"Titusville","","Fusco, K., et al. 2021.","HCTSA-A69-9007-6140-20593","Kirk Fusco (kirk.fusco@floridadep.gov)","Kirk Fusco (kirk.fusco@floridadep.gov)"
"HCTS","HCTS-A69-9007-6140-2022-02-17","Limulus polyphemus","horseshoe crab","2023-10-18","HCTSA","HCTSA","487549-NE","487549",1.2,0.3,"A69-9007-6140","A69-9007","A69-9007-6140",171,NA,NA,"ADC","2022-02-18 04:54:45","UTC",-80.78791,28.62577,"0101000020E61000003F8C101E6D3254C063D1747632A03C40",2022,2,18,49,4.9125,"Titusville","","Fusco, K., et al. 2021.","HCTSA-A69-9007-6140-20604","Kirk Fusco (kirk.fusco@floridadep.gov)","Kirk Fusco (kirk.fusco@floridadep.gov)"
"HCTS","HCTS-A69-9007-6140-2022-02-17","Limulus polyphemus","horseshoe crab","2023-10-18","HCTSA","HCTSA","487549-NE","487549",1.2,0.3,"A69-9007-6140","A69-9007","A69-9007-6140",171,NA,NA,"ADC","2022-02-18 04:58:24","UTC",-80.78791,28.62577,"0101000020E61000003F8C101E6D3254C063D1747632A03C40",2022,2,18,49,4.97333333333333,"Titusville","","Fusco, K., et al. 2021.","HCTSA-A69-9007-6140-20606","Kirk Fusco (kirk.fusco@floridadep.gov)","Kirk Fusco (kirk.fusco@floridadep.gov)"
"HCTS","HCTS-A69-9007-6140-2022-02-17","Limulus polyphemus","horseshoe crab","2023-10-18","HCTSA","HCTSA","487551-W","487551",1.2,0.3,"A69-9007-6140","A69-9007","A69-9007-6140",170,NA,NA,"ADC","2022-02-18 05:02:30","UTC",-80.79027,28.62344,"0101000020E6100000A3409FC8933254C0AB048BC3999F3C40",2022,2,18,49,5.04166666666667,"Titusville","","Fusco, K., et al. 2021.","HCTSA-A69-9007-6140-20610","Kirk Fusco (kirk.fusco@floridadep.gov)","Kirk Fusco (kirk.fusco@floridadep.gov)"
"HCTS","HCTS-A69-9007-6140-2022-02-17","Limulus polyphemus","horseshoe crab","2023-10-18","HCTSA","HCTSA","487549-NE","487549",1.2,0.3,"A69-9007-6140","A69-9007","A69-9007-6140",169,NA,NA,"ADC","2022-02-18 05:05:44","UTC",-80.78791,28.62577,"0101000020E61000003F8C101E6D3254C063D1747632A03C40",2022,2,18,49,5.09555555555556,"Titusville","","Fusco, K., et al. 2021.","HCTSA-A69-9007-6140-20618","Kirk Fusco (kirk.fusco@floridadep.gov)","Kirk Fusco (kirk.fusco@floridadep.gov)"
"HCTS","HCTS-A69-9007-6140-2022-02-17","Limulus polyphemus","horseshoe crab","2023-10-18","HCTSA","HCTSA","487551-W","487551",1.2,0.3,"A69-9007-6140","A69-9007","A69-9007-6140",169,NA,NA,"ADC","2022-02-18 05:05:45","UTC",-80.79027,28.62344,"0101000020E6100000A3409FC8933254C0AB048BC3999F3C40",2022,2,18,49,5.09583333333333,"Titusville","","Fusco, K., et al. 2021.","HCTSA-A69-9007-6140-20619","Kirk Fusco (kirk.fusco@floridadep.gov)","Kirk Fusco (kirk.fusco@floridadep.gov)"
"HCTS","HCTS-A69-9007-6140-2022-02-17","Limulus polyphemus","horseshoe crab","2023-10-18","HCTSA","HCTSA","487549-NE","487549",1.2,0.3,"A69-9007-6140","A69-9007","A69-9007-6140",169,NA,NA,"ADC","2022-02-18 05:08:59","UTC",-80.78791,28.62577,"0101000020E61000003F8C101E6D3254C063D1747632A03C40",2022,2,18,49,5.14972222222222,"Titusville","","Fusco, K., et al. 2021.","HCTSA-A69-9007-6140-20621","Kirk Fusco (kirk.fusco@floridadep.gov)","Kirk Fusco (kirk.fusco@floridadep.gov)"
"HCTS","HCTS-A69-9007-6140-2022-02-17","Limulus polyphemus","horseshoe crab","2023-10-18","HCTSA","HCTSA","487551-W","487551",1.2,0.3,"A69-9007-6140","A69-9007","A69-9007-6140",169,NA,NA,"ADC","2022-02-18 05:09:00","UTC",-80.79027,28.62344,"0101000020E6100000A3409FC8933254C0AB048BC3999F3C40",2022,2,18,49,5.15,"Titusville","","Fusco, K., et al. 2021.","HCTSA-A69-9007-6140-20622","Kirk Fusco (kirk.fusco@floridadep.gov)","Kirk Fusco (kirk.fusco@floridadep.gov)"
"HCTS","HCTS-A69-9007-6140-2022-02-17","Limulus polyphemus","horseshoe crab","2023-10-18","HCTSA","HCTSA","487549-NE","487549",1.2,0.3,"A69-9007-6140","A69-9007","A69-9007-6140",169,NA,NA,"ADC","2022-02-18 05:15:29","UTC",-80.78791,28.62577,"0101000020E61000003F8C101E6D3254C063D1747632A03C40",2022,2,18,49,5.25805555555556,"Titusville","","Fusco, K., et al. 2021.","HCTSA-A69-9007-6140-20638","Kirk Fusco (kirk.fusco@floridadep.gov)","Kirk Fusco (kirk.fusco@floridadep.gov)"
"HCTS","HCTS-A69-9007-6140-2022-02-17","Limulus polyphemus","horseshoe crab","2023-10-18","HCTSA","HCTSA","487551-W","487551",1.2,0.3,"A69-9007-6140","A69-9007","A69-9007-6140",169,NA,NA,"ADC","2022-02-18 05:15:31","UTC",-80.79027,28.62344,"0101000020E6100000A3409FC8933254C0AB048BC3999F3C40",2022,2,18,49,5.25861111111111,"Titusville","","Fusco, K., et al. 2021.","HCTSA-A69-9007-6140-20639","Kirk Fusco (kirk.fusco@floridadep.gov)","Kirk Fusco (kirk.fusco@floridadep.gov)"
"HCTS","HCTS-A69-9007-6140-2022-02-17","Limulus polyphemus","horseshoe crab","2023-10-18","HCTSA","HCTSA","487549-NE","487549",1.2,0.3,"A69-9007-6140","A69-9007","A69-9007-6140",169,NA,NA,"ADC","2022-02-18 05:18:46","UTC",-80.78791,28.62577,"0101000020E61000003F8C101E6D3254C063D1747632A03C40",2022,2,18,49,5.31277777777778,"Titusville","","Fusco, K., et al. 2021.","HCTSA-A69-9007-6140-20644","Kirk Fusco (kirk.fusco@floridadep.gov)","Kirk Fusco (kirk.fusco@floridadep.gov)"
"HCTS","HCTS-A69-9007-6140-2022-02-17","Limulus polyphemus","horseshoe crab","2023-10-18","HCTSA","HCTSA","487551-W","487551",1.2,0.3,"A69-9007-6140","A69-9007","A69-9007-6140",169,NA,NA,"ADC","2022-02-18 05:18:47","UTC",-80.79027,28.62344,"0101000020E6100000A3409FC8933254C0AB048BC3999F3C40",2022,2,18,49,5.31305555555556,"Titusville","","Fusco, K., et al. 2021.","HCTSA-A69-9007-6140-20645","Kirk Fusco (kirk.fusco@floridadep.gov)","Kirk Fusco (kirk.fusco@floridadep.gov)"
"HCTS","HCTS-A69-9007-6140-2022-02-17","Limulus polyphemus","horseshoe crab","2023-10-18","HCTSA","HCTSA","487550-SE","487550",1.2,0.3,"A69-9007-6140","A69-9007","A69-9007-6140",169,NA,NA,"ADC","2022-02-18 05:18:48","UTC",-80.78626,28.6223,"0101000020E6100000CA897615523254C0014D840D4F9F3C40",2022,2,18,49,5.31333333333333,"Titusville","","Fusco, K., et al. 2021.","HCTSA-A69-9007-6140-20646","Kirk Fusco (kirk.fusco@floridadep.gov)","Kirk Fusco (kirk.fusco@floridadep.gov)"
"HCTS","HCTS-A69-9007-6140-2022-02-17","Limulus polyphemus","horseshoe crab","2023-10-18","HCTSA","HCTSA","487549-NE","487549",1.2,0.3,"A69-9007-6140","A69-9007","A69-9007-6140",169,NA,NA,"ADC","2022-02-18 05:22:03","UTC",-80.78791,28.62577,"0101000020E61000003F8C101E6D3254C063D1747632A03C40",2022,2,18,49,5.3675,"Titusville","","Fusco, K., et al. 2021.","HCTSA-A69-9007-6140-20648","Kirk Fusco (kirk.fusco@floridadep.gov)","Kirk Fusco (kirk.fusco@floridadep.gov)"
"HCTS","HCTS-A69-9007-6140-2022-02-17","Limulus polyphemus","horseshoe crab","2023-10-18","HCTSA","HCTSA","487551-W","487551",1.2,0.3,"A69-9007-6140","A69-9007","A69-9007-6140",169,NA,NA,"ADC","2022-02-18 05:22:05","UTC",-80.79027,28.62344,"0101000020E6100000A3409FC8933254C0AB048BC3999F3C40",2022,2,18,49,5.36805555555556,"Titusville","","Fusco, K., et al. 2021.","HCTSA-A69-9007-6140-20650","Kirk Fusco (kirk.fusco@floridadep.gov)","Kirk Fusco (kirk.fusco@floridadep.gov)"
"HCTS","HCTS-A69-9007-6140-2022-02-17","Limulus polyphemus","horseshoe crab","2023-10-18","HCTSA","HCTSA","487551-W","487551",1.2,0.3,"A69-9007-6140","A69-9007","A69-9007-6140",169,NA,NA,"ADC","2022-02-18 05:25:25","UTC",-80.79027,28.62344,"0101000020E6100000A3409FC8933254C0AB048BC3999F3C40",2022,2,18,49,5.42361111111111,"Titusville","","Fusco, K., et al. 2021.","HCTSA-A69-9007-6140-20663","Kirk Fusco (kirk.fusco@floridadep.gov)","Kirk Fusco (kirk.fusco@floridadep.gov)"
"HCTS","HCTS-A69-9007-6140-2022-02-17","Limulus polyphemus","horseshoe crab","2023-10-18","HCTSA","HCTSA","487551-W","487551",1.2,0.3,"A69-9007-6140","A69-9007","A69-9007-6140",169,NA,NA,"ADC","2022-02-18 05:28:51","UTC",-80.79027,28.62344,"0101000020E6100000A3409FC8933254C0AB048BC3999F3C40",2022,2,18,49,5.48083333333333,"Titusville","","Fusco, K., et al. 2021.","HCTSA-A69-9007-6140-20668","Kirk Fusco (kirk.fusco@floridadep.gov)","Kirk Fusco (kirk.fusco@floridadep.gov)"
"HCTS","HCTS-A69-9007-6140-2022-02-17","Limulus polyphemus","horseshoe crab","2023-10-18","HCTSA","HCTSA","487550-SE","487550",1.2,0.3,"A69-9007-6140","A69-9007","A69-9007-6140",169,NA,NA,"ADC","2022-02-18 05:28:52","UTC",-80.78626,28.6223,"0101000020E6100000CA897615523254C0014D840D4F9F3C40",2022,2,18,49,5.48111111111111,"Titusville","","Fusco, K., et al. 2021.","HCTSA-A69-9007-6140-20669","Kirk Fusco (kirk.fusco@floridadep.gov)","Kirk Fusco (kirk.fusco@floridadep.gov)"
"HCTS","HCTS-A69-9007-6140-2022-02-17","Limulus polyphemus","horseshoe crab","2023-10-18","HCTSA","HCTSA","487549-NE","487549",1.2,0.3,"A69-9007-6140","A69-9007","A69-9007-6140",169,NA,NA,"ADC","2022-02-18 05:32:27","UTC",-80.78791,28.62577,"0101000020E61000003F8C101E6D3254C063D1747632A03C40",2022,2,18,49,5.54083333333333,"Titusville","","Fusco, K., et al. 2021.","HCTSA-A69-9007-6140-20679","Kirk Fusco (kirk.fusco@floridadep.gov)","Kirk Fusco (kirk.fusco@floridadep.gov)"
"HCTS","HCTS-A69-9007-6140-2022-02-17","Limulus polyphemus","horseshoe crab","2023-10-18","HCTSA","HCTSA","487549-NE","487549",1.2,0.3,"A69-9007-6140","A69-9007","A69-9007-6140",169,NA,NA,"ADC","2022-02-18 05:41:09","UTC",-80.78791,28.62577,"0101000020E61000003F8C101E6D3254C063D1747632A03C40",2022,2,18,49,5.68583333333333,"Titusville","","Fusco, K., et al. 2021.","HCTSA-A69-9007-6140-20702","Kirk Fusco (kirk.fusco@floridadep.gov)","Kirk Fusco (kirk.fusco@floridadep.gov)"
"HCTS","HCTS-A69-9007-6140-2022-02-17","Limulus polyphemus","horseshoe crab","2023-10-18","HCTSA","HCTSA","487549-NE","487549",1.2,0.3,"A69-9007-6140","A69-9007","A69-9007-6140",169,NA,NA,"ADC","2022-02-18 05:53:10","UTC",-80.78791,28.62577,"0101000020E61000003F8C101E6D3254C063D1747632A03C40",2022,2,18,49,5.88611111111111,"Titusville","","Fusco, K., et al. 2021.","HCTSA-A69-9007-6140-20727","Kirk Fusco (kirk.fusco@floridadep.gov)","Kirk Fusco (kirk.fusco@floridadep.gov)"
"HCTS","HCTS-A69-9007-6140-2022-02-17","Limulus polyphemus","horseshoe crab","2023-10-18","HCTSA","HCTSA","487551-W","487551",1.2,0.3,"A69-9007-6140","A69-9007","A69-9007-6140",169,NA,NA,"ADC","2022-02-18 06:00:21","UTC",-80.79027,28.62344,"0101000020E6100000A3409FC8933254C0AB048BC3999F3C40",2022,2,18,49,6.00583333333333,"Titusville","","Fusco, K., et al. 2021.","HCTSA-A69-9007-6140-20743","Kirk Fusco (kirk.fusco@floridadep.gov)","Kirk Fusco (kirk.fusco@floridadep.gov)"
"HCTS","HCTS-A69-9007-6140-2022-02-17","Limulus polyphemus","horseshoe crab","2023-10-18","HCTSA","HCTSA","487550-SE","487550",1.2,0.3,"A69-9007-6140","A69-9007","A69-9007-6140",169,NA,NA,"ADC","2022-02-18 06:00:23","UTC",-80.78626,28.6223,"0101000020E6100000CA897615523254C0014D840D4F9F3C40",2022,2,18,49,6.00638888888889,"Titusville","","Fusco, K., et al. 2021.","HCTSA-A69-9007-6140-20745","Kirk Fusco (kirk.fusco@floridadep.gov)","Kirk Fusco (kirk.fusco@floridadep.gov)"
"HCTS","HCTS-A69-9007-6140-2022-02-17","Limulus polyphemus","horseshoe crab","2023-10-18","HCTSA","HCTSA","487549-NE","487549",1.2,0.3,"A69-9007-6140","A69-9007","A69-9007-6140",169,NA,NA,"ADC","2022-02-18 06:04:28","UTC",-80.78791,28.62577,"0101000020E61000003F8C101E6D3254C063D1747632A03C40",2022,2,18,49,6.07444444444444,"Titusville","","Fusco, K., et al. 2021.","HCTSA-A69-9007-6140-20751","Kirk Fusco (kirk.fusco@floridadep.gov)","Kirk Fusco (kirk.fusco@floridadep.gov)"
"HCTS","HCTS-A69-9007-6140-2022-02-17","Limulus polyphemus","horseshoe crab","2023-10-18","HCTSA","HCTSA","487551-W","487551",1.2,0.3,"A69-9007-6140","A69-9007","A69-9007-6140",169,NA,NA,"ADC","2022-02-18 06:04:30","UTC",-80.79027,28.62344,"0101000020E6100000A3409FC8933254C0AB048BC3999F3C40",2022,2,18,49,6.075,"Titusville","","Fusco, K., et al. 2021.","HCTSA-A69-9007-6140-20752","Kirk Fusco (kirk.fusco@floridadep.gov)","Kirk Fusco (kirk.fusco@floridadep.gov)"
"HCTS","HCTS-A69-9007-6140-2022-02-17","Limulus polyphemus","horseshoe crab","2023-10-18","HCTSA","HCTSA","487549-NE","487549",1.2,0.3,"A69-9007-6140","A69-9007","A69-9007-6140",169,NA,NA,"ADC","2022-02-18 06:07:50","UTC",-80.78791,28.62577,"0101000020E61000003F8C101E6D3254C063D1747632A03C40",2022,2,18,49,6.13055555555556,"Titusville","","Fusco, K., et al. 2021.","HCTSA-A69-9007-6140-20763","Kirk Fusco (kirk.fusco@floridadep.gov)","Kirk Fusco (kirk.fusco@floridadep.gov)"
"HCTS","HCTS-A69-9007-6140-2022-02-17","Limulus polyphemus","horseshoe crab","2023-10-18","HCTSA","HCTSA","487549-NE","487549",1.2,0.3,"A69-9007-6140","A69-9007","A69-9007-6140",169,NA,NA,"ADC","2022-02-18 06:11:19","UTC",-80.78791,28.62577,"0101000020E61000003F8C101E6D3254C063D1747632A03C40",2022,2,18,49,6.18861111111111,"Titusville","","Fusco, K., et al. 2021.","HCTSA-A69-9007-6140-20769","Kirk Fusco (kirk.fusco@floridadep.gov)","Kirk Fusco (kirk.fusco@floridadep.gov)"
"HCTS","HCTS-A69-9007-6140-2022-02-17","Limulus polyphemus","horseshoe crab","2023-10-18","HCTSA","HCTSA","487551-W","487551",1.2,0.3,"A69-9007-6140","A69-9007","A69-9007-6140",169,NA,NA,"ADC","2022-02-18 06:11:21","UTC",-80.79027,28.62344,"0101000020E6100000A3409FC8933254C0AB048BC3999F3C40",2022,2,18,49,6.18916666666667,"Titusville","","Fusco, K., et al. 2021.","HCTSA-A69-9007-6140-20770","Kirk Fusco (kirk.fusco@floridadep.gov)","Kirk Fusco (kirk.fusco@floridadep.gov)"
"HCTS","HCTS-A69-9007-6140-2022-02-17","Limulus polyphemus","horseshoe crab","2023-10-18","HCTSA","HCTSA","487549-NE","487549",1.2,0.3,"A69-9007-6140","A69-9007","A69-9007-6140",169,NA,NA,"ADC","2022-02-18 06:19:14","UTC",-80.78791,28.62577,"0101000020E61000003F8C101E6D3254C063D1747632A03C40",2022,2,18,49,6.32055555555556,"Titusville","","Fusco, K., et al. 2021.","HCTSA-A69-9007-6140-20789","Kirk Fusco (kirk.fusco@floridadep.gov)","Kirk Fusco (kirk.fusco@floridadep.gov)"
"HCTS","HCTS-A69-9007-6140-2022-02-17","Limulus polyphemus","horseshoe crab","2023-10-18","HCTSA","HCTSA","487551-W","487551",1.2,0.3,"A69-9007-6140","A69-9007","A69-9007-6140",169,NA,NA,"ADC","2022-02-18 06:19:15","UTC",-80.79027,28.62344,"0101000020E6100000A3409FC8933254C0AB048BC3999F3C40",2022,2,18,49,6.32083333333333,"Titusville","","Fusco, K., et al. 2021.","HCTSA-A69-9007-6140-20790","Kirk Fusco (kirk.fusco@floridadep.gov)","Kirk Fusco (kirk.fusco@floridadep.gov)"
"HCTS","HCTS-A69-9007-6140-2022-02-17","Limulus polyphemus","horseshoe crab","2023-10-18","HCTSA","HCTSA","487549-NE","487549",1.2,0.3,"A69-9007-6140","A69-9007","A69-9007-6140",169,NA,NA,"ADC","2022-02-18 06:22:43","UTC",-80.78791,28.62577,"0101000020E61000003F8C101E6D3254C063D1747632A03C40",2022,2,18,49,6.37861111111111,"Titusville","","Fusco, K., et al. 2021.","HCTSA-A69-9007-6140-20794","Kirk Fusco (kirk.fusco@floridadep.gov)","Kirk Fusco (kirk.fusco@floridadep.gov)"
"HCTS","HCTS-A69-9007-6140-2022-02-17","Limulus polyphemus","horseshoe crab","2023-10-18","HCTSA","HCTSA","487551-W","487551",1.2,0.3,"A69-9007-6140","A69-9007","A69-9007-6140",169,NA,NA,"ADC","2022-02-18 06:22:44","UTC",-80.79027,28.62344,"0101000020E6100000A3409FC8933254C0AB048BC3999F3C40",2022,2,18,49,6.37888888888889,"Titusville","","Fusco, K., et al. 2021.","HCTSA-A69-9007-6140-20795","Kirk Fusco (kirk.fusco@floridadep.gov)","Kirk Fusco (kirk.fusco@floridadep.gov)"
"HCTS","HCTS-A69-9007-6140-2022-02-17","Limulus polyphemus","horseshoe crab","2023-10-18","HCTSA","HCTSA","487549-NE","487549",1.2,0.3,"A69-9007-6140","A69-9007","A69-9007-6140",169,NA,NA,"ADC","2022-02-18 06:26:25","UTC",-80.78791,28.62577,"0101000020E61000003F8C101E6D3254C063D1747632A03C40",2022,2,18,49,6.44027777777778,"Titusville","","Fusco, K., et al. 2021.","HCTSA-A69-9007-6140-20804","Kirk Fusco (kirk.fusco@floridadep.gov)","Kirk Fusco (kirk.fusco@floridadep.gov)"
"HCTS","HCTS-A69-9007-6140-2022-02-17","Limulus polyphemus","horseshoe crab","2023-10-18","HCTSA","HCTSA","487549-NE","487549",1.2,0.3,"A69-9007-6140","A69-9007","A69-9007-6140",169,NA,NA,"ADC","2022-02-18 06:34:02","UTC",-80.78791,28.62577,"0101000020E61000003F8C101E6D3254C063D1747632A03C40",2022,2,18,49,6.56722222222222,"Titusville","","Fusco, K., et al. 2021.","HCTSA-A69-9007-6140-20819","Kirk Fusco (kirk.fusco@floridadep.gov)","Kirk Fusco (kirk.fusco@floridadep.gov)"
"HCTS","HCTS-A69-9007-6140-2022-02-17","Limulus polyphemus","horseshoe crab","2023-10-18","HCTSA","HCTSA","487549-NE","487549",1.2,0.3,"A69-9007-6140","A69-9007","A69-9007-6140",169,NA,NA,"ADC","2022-02-18 06:37:39","UTC",-80.78791,28.62577,"0101000020E61000003F8C101E6D3254C063D1747632A03C40",2022,2,18,49,6.6275,"Titusville","","Fusco, K., et al. 2021.","HCTSA-A69-9007-6140-20828","Kirk Fusco (kirk.fusco@floridadep.gov)","Kirk Fusco (kirk.fusco@floridadep.gov)"
"HCTS","HCTS-A69-9007-6140-2022-02-17","Limulus polyphemus","horseshoe crab","2023-10-18","HCTSA","HCTSA","487549-NE","487549",1.2,0.3,"A69-9007-6140","A69-9007","A69-9007-6140",169,NA,NA,"ADC","2022-02-18 06:41:37","UTC",-80.78791,28.62577,"0101000020E61000003F8C101E6D3254C063D1747632A03C40",2022,2,18,49,6.69361111111111,"Titusville","","Fusco, K., et al. 2021.","HCTSA-A69-9007-6140-20837","Kirk Fusco (kirk.fusco@floridadep.gov)","Kirk Fusco (kirk.fusco@floridadep.gov)"
"HCTS","HCTS-A69-9007-6140-2022-02-17","Limulus polyphemus","horseshoe crab","2023-10-18","HCTSA","HCTSA","487551-W","487551",1.2,0.3,"A69-9007-6140","A69-9007","A69-9007-6140",169,NA,NA,"ADC","2022-02-18 06:41:39","UTC",-80.79027,28.62344,"0101000020E6100000A3409FC8933254C0AB048BC3999F3C40",2022,2,18,49,6.69416666666667,"Titusville","","Fusco, K., et al. 2021.","HCTSA-A69-9007-6140-20838","Kirk Fusco (kirk.fusco@floridadep.gov)","Kirk Fusco (kirk.fusco@floridadep.gov)"
"HCTS","HCTS-A69-9007-6140-2022-02-17","Limulus polyphemus","horseshoe crab","2023-10-18","HCTSA","HCTSA","487549-NE","487549",1.2,0.3,"A69-9007-6140","A69-9007","A69-9007-6140",168,NA,NA,"ADC","2022-02-18 06:46:20","UTC",-80.78791,28.62577,"0101000020E61000003F8C101E6D3254C063D1747632A03C40",2022,2,18,49,6.77222222222222,"Titusville","","Fusco, K., et al. 2021.","HCTSA-A69-9007-6140-20849","Kirk Fusco (kirk.fusco@floridadep.gov)","Kirk Fusco (kirk.fusco@floridadep.gov)"
"HCTS","HCTS-A69-9007-6140-2022-02-17","Limulus polyphemus","horseshoe crab","2023-10-18","HCTSA","HCTSA","487551-W","487551",1.2,0.3,"A69-9007-6140","A69-9007","A69-9007-6140",168,NA,NA,"ADC","2022-02-18 06:46:21","UTC",-80.79027,28.62344,"0101000020E6100000A3409FC8933254C0AB048BC3999F3C40",2022,2,18,49,6.7725,"Titusville","","Fusco, K., et al. 2021.","HCTSA-A69-9007-6140-20850","Kirk Fusco (kirk.fusco@floridadep.gov)","Kirk Fusco (kirk.fusco@floridadep.gov)"
"HCTS","HCTS-A69-9007-6140-2022-02-17","Limulus polyphemus","horseshoe crab","2023-10-18","HCTSA","HCTSA","487550-SE","487550",1.2,0.3,"A69-9007-6140","A69-9007","A69-9007-6140",168,NA,NA,"ADC","2022-02-18 06:46:22","UTC",-80.78626,28.6223,"0101000020E6100000CA897615523254C0014D840D4F9F3C40",2022,2,18,49,6.77277777777778,"Titusville","","Fusco, K., et al. 2021.","HCTSA-A69-9007-6140-20851","Kirk Fusco (kirk.fusco@floridadep.gov)","Kirk Fusco (kirk.fusco@floridadep.gov)"
"HCTS","HCTS-A69-9007-6140-2022-02-17","Limulus polyphemus","horseshoe crab","2023-10-18","HCTSA","HCTSA","487549-NE","487549",1.2,0.3,"A69-9007-6140","A69-9007","A69-9007-6140",168,NA,NA,"ADC","2022-02-18 06:50:50","UTC",-80.78791,28.62577,"0101000020E61000003F8C101E6D3254C063D1747632A03C40",2022,2,18,49,6.84722222222222,"Titusville","","Fusco, K., et al. 2021.","HCTSA-A69-9007-6140-20856","Kirk Fusco (kirk.fusco@floridadep.gov)","Kirk Fusco (kirk.fusco@floridadep.gov)"
"HCTS","HCTS-A69-9007-6140-2022-02-17","Limulus polyphemus","horseshoe crab","2023-10-18","HCTSA","HCTSA","487551-W","487551",1.2,0.3,"A69-9007-6140","A69-9007","A69-9007-6140",168,NA,NA,"ADC","2022-02-18 06:50:51","UTC",-80.79027,28.62344,"0101000020E6100000A3409FC8933254C0AB048BC3999F3C40",2022,2,18,49,6.8475,"Titusville","","Fusco, K., et al. 2021.","HCTSA-A69-9007-6140-20857","Kirk Fusco (kirk.fusco@floridadep.gov)","Kirk Fusco (kirk.fusco@floridadep.gov)"
"HCTS","HCTS-A69-9007-6140-2022-02-17","Limulus polyphemus","horseshoe crab","2023-10-18","HCTSA","HCTSA","487549-NE","487549",1.2,0.3,"A69-9007-6140","A69-9007","A69-9007-6140",168,NA,NA,"ADC","2022-02-18 06:54:56","UTC",-80.78791,28.62577,"0101000020E61000003F8C101E6D3254C063D1747632A03C40",2022,2,18,49,6.91555555555556,"Titusville","","Fusco, K., et al. 2021.","HCTSA-A69-9007-6140-20865","Kirk Fusco (kirk.fusco@floridadep.gov)","Kirk Fusco (kirk.fusco@floridadep.gov)"
"HCTS","HCTS-A69-9007-6140-2022-02-17","Limulus polyphemus","horseshoe crab","2023-10-18","HCTSA","HCTSA","487551-W","487551",1.2,0.3,"A69-9007-6140","A69-9007","A69-9007-6140",168,NA,NA,"ADC","2022-02-18 06:54:57","UTC",-80.79027,28.62344,"0101000020E6100000A3409FC8933254C0AB048BC3999F3C40",2022,2,18,49,6.91583333333333,"Titusville","","Fusco, K., et al. 2021.","HCTSA-A69-9007-6140-20866","Kirk Fusco (kirk.fusco@floridadep.gov)","Kirk Fusco (kirk.fusco@floridadep.gov)"
"HCTS","HCTS-A69-9007-6140-2022-02-17","Limulus polyphemus","horseshoe crab","2023-10-18","HCTSA","HCTSA","487550-SE","487550",1.2,0.3,"A69-9007-6140","A69-9007","A69-9007-6140",168,NA,NA,"ADC","2022-02-18 06:54:58","UTC",-80.78626,28.6223,"0101000020E6100000CA897615523254C0014D840D4F9F3C40",2022,2,18,49,6.91611111111111,"Titusville","","Fusco, K., et al. 2021.","HCTSA-A69-9007-6140-20868","Kirk Fusco (kirk.fusco@floridadep.gov)","Kirk Fusco (kirk.fusco@floridadep.gov)"
"HCTS","HCTS-A69-9007-6140-2022-02-17","Limulus polyphemus","horseshoe crab","2023-10-18","HCTSA","HCTSA","487551-W","487551",1.2,0.3,"A69-9007-6140","A69-9007","A69-9007-6140",167,NA,NA,"ADC","2022-02-18 06:58:13","UTC",-80.79027,28.62344,"0101000020E6100000A3409FC8933254C0AB048BC3999F3C40",2022,2,18,49,6.97027777777778,"Titusville","","Fusco, K., et al. 2021.","HCTSA-A69-9007-6140-20878","Kirk Fusco (kirk.fusco@floridadep.gov)","Kirk Fusco (kirk.fusco@floridadep.gov)"
"HCTS","HCTS-A69-9007-6140-2022-02-17","Limulus polyphemus","horseshoe crab","2023-10-18","HCTSA","HCTSA","487550-SE","487550",1.2,0.3,"A69-9007-6140","A69-9007","A69-9007-6140",167,NA,NA,"ADC","2022-02-18 06:58:14","UTC",-80.78626,28.6223,"0101000020E6100000CA897615523254C0014D840D4F9F3C40",2022,2,18,49,6.97055555555556,"Titusville","","Fusco, K., et al. 2021.","HCTSA-A69-9007-6140-20881","Kirk Fusco (kirk.fusco@floridadep.gov)","Kirk Fusco (kirk.fusco@floridadep.gov)"
"HCTS","HCTS-A69-9007-6140-2022-02-17","Limulus polyphemus","horseshoe crab","2023-10-18","HCTSA","HCTSA","487549-NE","487549",1.2,0.3,"A69-9007-6140","A69-9007","A69-9007-6140",167,NA,NA,"ADC","2022-02-18 07:01:30","UTC",-80.78791,28.62577,"0101000020E61000003F8C101E6D3254C063D1747632A03C40",2022,2,18,49,7.025,"Titusville","","Fusco, K., et al. 2021.","HCTSA-A69-9007-6140-20883","Kirk Fusco (kirk.fusco@floridadep.gov)","Kirk Fusco (kirk.fusco@floridadep.gov)"
"HCTS","HCTS-A69-9007-6140-2022-02-17","Limulus polyphemus","horseshoe crab","2023-10-18","HCTSA","HCTSA","487549-NE","487549",1.2,0.3,"A69-9007-6140","A69-9007","A69-9007-6140",167,NA,NA,"ADC","2022-02-18 07:04:51","UTC",-80.78791,28.62577,"0101000020E61000003F8C101E6D3254C063D1747632A03C40",2022,2,18,49,7.08083333333333,"Titusville","","Fusco, K., et al. 2021.","HCTSA-A69-9007-6140-20888","Kirk Fusco (kirk.fusco@floridadep.gov)","Kirk Fusco (kirk.fusco@floridadep.gov)"
"HCTS","HCTS-A69-9007-6140-2022-02-17","Limulus polyphemus","horseshoe crab","2023-10-18","HCTSA","HCTSA","487551-W","487551",1.2,0.3,"A69-9007-6140","A69-9007","A69-9007-6140",167,NA,NA,"ADC","2022-02-18 07:04:52","UTC",-80.79027,28.62344,"0101000020E6100000A3409FC8933254C0AB048BC3999F3C40",2022,2,18,49,7.08111111111111,"Titusville","","Fusco, K., et al. 2021.","HCTSA-A69-9007-6140-20889","Kirk Fusco (kirk.fusco@floridadep.gov)","Kirk Fusco (kirk.fusco@floridadep.gov)"
"HCTS","HCTS-A69-9007-6140-2022-02-17","Limulus polyphemus","horseshoe crab","2023-10-18","HCTSA","HCTSA","487550-SE","487550",1.2,0.3,"A69-9007-6140","A69-9007","A69-9007-6140",167,NA,NA,"ADC","2022-02-18 07:04:54","UTC",-80.78626,28.6223,"0101000020E6100000CA897615523254C0014D840D4F9F3C40",2022,2,18,49,7.08166666666667,"Titusville","","Fusco, K., et al. 2021.","HCTSA-A69-9007-6140-20890","Kirk Fusco (kirk.fusco@floridadep.gov)","Kirk Fusco (kirk.fusco@floridadep.gov)"
"HCTS","HCTS-A69-9007-6140-2022-02-17","Limulus polyphemus","horseshoe crab","2023-10-18","HCTSA","HCTSA","487550-SE","487550",1.2,0.3,"A69-9007-6140","A69-9007","A69-9007-6140",168,NA,NA,"ADC","2022-02-18 07:08:23","UTC",-80.78626,28.6223,"0101000020E6100000CA897615523254C0014D840D4F9F3C40",2022,2,18,49,7.13972222222222,"Titusville","","Fusco, K., et al. 2021.","HCTSA-A69-9007-6140-20899","Kirk Fusco (kirk.fusco@floridadep.gov)","Kirk Fusco (kirk.fusco@floridadep.gov)"
"HCTS","HCTS-A69-9007-6140-2022-02-17","Limulus polyphemus","horseshoe crab","2023-10-18","HCTSA","HCTSA","487550-SE","487550",1.2,0.3,"A69-9007-6140","A69-9007","A69-9007-6140",168,NA,NA,"ADC","2022-02-18 07:12:07","UTC",-80.78626,28.6223,"0101000020E6100000CA897615523254C0014D840D4F9F3C40",2022,2,18,49,7.20194444444444,"Titusville","","Fusco, K., et al. 2021.","HCTSA-A69-9007-6140-20908","Kirk Fusco (kirk.fusco@floridadep.gov)","Kirk Fusco (kirk.fusco@floridadep.gov)"
"HCTS","HCTS-A69-9007-6140-2022-02-17","Limulus polyphemus","horseshoe crab","2023-10-18","HCTSA","HCTSA","487549-NE","487549",1.2,0.3,"A69-9007-6140","A69-9007","A69-9007-6140",168,NA,NA,"ADC","2022-02-18 07:16:18","UTC",-80.78791,28.62577,"0101000020E61000003F8C101E6D3254C063D1747632A03C40",2022,2,18,49,7.27166666666667,"Titusville","","Fusco, K., et al. 2021.","HCTSA-A69-9007-6140-20914","Kirk Fusco (kirk.fusco@floridadep.gov)","Kirk Fusco (kirk.fusco@floridadep.gov)"
"HCTS","HCTS-A69-9007-6140-2022-02-17","Limulus polyphemus","horseshoe crab","2023-10-18","HCTSA","HCTSA","487549-NE","487549",1.2,0.3,"A69-9007-6140","A69-9007","A69-9007-6140",168,NA,NA,"ADC","2022-02-18 07:19:51","UTC",-80.78791,28.62577,"0101000020E61000003F8C101E6D3254C063D1747632A03C40",2022,2,18,49,7.33083333333333,"Titusville","","Fusco, K., et al. 2021.","HCTSA-A69-9007-6140-20922","Kirk Fusco (kirk.fusco@floridadep.gov)","Kirk Fusco (kirk.fusco@floridadep.gov)"
"HCTS","HCTS-A69-9007-6140-2022-02-17","Limulus polyphemus","horseshoe crab","2023-10-18","HCTSA","HCTSA","487549-NE","487549",1.2,0.3,"A69-9007-6140","A69-9007","A69-9007-6140",168,NA,NA,"ADC","2022-02-18 07:23:43","UTC",-80.78791,28.62577,"0101000020E61000003F8C101E6D3254C063D1747632A03C40",2022,2,18,49,7.39527777777778,"Titusville","","Fusco, K., et al. 2021.","HCTSA-A69-9007-6140-20931","Kirk Fusco (kirk.fusco@floridadep.gov)","Kirk Fusco (kirk.fusco@floridadep.gov)"
"HCTS","HCTS-A69-9007-6140-2022-02-17","Limulus polyphemus","horseshoe crab","2023-10-18","HCTSA","HCTSA","487551-W","487551",1.2,0.3,"A69-9007-6140","A69-9007","A69-9007-6140",168,NA,NA,"ADC","2022-02-18 07:23:44","UTC",-80.79027,28.62344,"0101000020E6100000A3409FC8933254C0AB048BC3999F3C40",2022,2,18,49,7.39555555555556,"Titusville","","Fusco, K., et al. 2021.","HCTSA-A69-9007-6140-20932","Kirk Fusco (kirk.fusco@floridadep.gov)","Kirk Fusco (kirk.fusco@floridadep.gov)"
"HCTS","HCTS-A69-9007-6140-2022-02-17","Limulus polyphemus","horseshoe crab","2023-10-18","HCTSA","HCTSA","487549-NE","487549",1.2,0.3,"A69-9007-6140","A69-9007","A69-9007-6140",168,NA,NA,"ADC","2022-02-18 07:28:10","UTC",-80.78791,28.62577,"0101000020E61000003F8C101E6D3254C063D1747632A03C40",2022,2,18,49,7.46944444444444,"Titusville","","Fusco, K., et al. 2021.","HCTSA-A69-9007-6140-20938","Kirk Fusco (kirk.fusco@floridadep.gov)","Kirk Fusco (kirk.fusco@floridadep.gov)"
"HCTS","HCTS-A69-9007-6140-2022-02-17","Limulus polyphemus","horseshoe crab","2023-10-18","HCTSA","HCTSA","487551-W","487551",1.2,0.3,"A69-9007-6140","A69-9007","A69-9007-6140",168,NA,NA,"ADC","2022-02-18 07:28:12","UTC",-80.79027,28.62344,"0101000020E6100000A3409FC8933254C0AB048BC3999F3C40",2022,2,18,49,7.47,"Titusville","","Fusco, K., et al. 2021.","HCTSA-A69-9007-6140-20940","Kirk Fusco (kirk.fusco@floridadep.gov)","Kirk Fusco (kirk.fusco@floridadep.gov)"
"HCTS","HCTS-A69-9007-6140-2022-02-17","Limulus polyphemus","horseshoe crab","2023-10-18","HCTSA","HCTSA","487549-NE","487549",1.2,0.3,"A69-9007-6140","A69-9007","A69-9007-6140",168,NA,NA,"ADC","2022-02-18 07:32:11","UTC",-80.78791,28.62577,"0101000020E61000003F8C101E6D3254C063D1747632A03C40",2022,2,18,49,7.53638888888889,"Titusville","","Fusco, K., et al. 2021.","HCTSA-A69-9007-6140-20948","Kirk Fusco (kirk.fusco@floridadep.gov)","Kirk Fusco (kirk.fusco@floridadep.gov)"
"HCTS","HCTS-A69-9007-6140-2022-02-17","Limulus polyphemus","horseshoe crab","2023-10-18","HCTSA","HCTSA","487550-SE","487550",1.2,0.3,"A69-9007-6140","A69-9007","A69-9007-6140",168,NA,NA,"ADC","2022-02-18 07:32:13","UTC",-80.78626,28.6223,"0101000020E6100000CA897615523254C0014D840D4F9F3C40",2022,2,18,49,7.53694444444444,"Titusville","","Fusco, K., et al. 2021.","HCTSA-A69-9007-6140-20949","Kirk Fusco (kirk.fusco@floridadep.gov)","Kirk Fusco (kirk.fusco@floridadep.gov)"
"HCTS","HCTS-A69-9007-6140-2022-02-17","Limulus polyphemus","horseshoe crab","2023-10-18","HCTSA","HCTSA","487549-NE","487549",1.2,0.3,"A69-9007-6140","A69-9007","A69-9007-6140",168,NA,NA,"ADC","2022-02-18 07:36:57","UTC",-80.78791,28.62577,"0101000020E61000003F8C101E6D3254C063D1747632A03C40",2022,2,18,49,7.61583333333333,"Titusville","","Fusco, K., et al. 2021.","HCTSA-A69-9007-6140-20954","Kirk Fusco (kirk.fusco@floridadep.gov)","Kirk Fusco (kirk.fusco@floridadep.gov)"
"HCTS","HCTS-A69-9007-6140-2022-02-17","Limulus polyphemus","horseshoe crab","2023-10-18","HCTSA","HCTSA","487549-NE","487549",1.2,0.3,"A69-9007-6140","A69-9007","A69-9007-6140",168,NA,NA,"ADC","2022-02-18 07:45:55","UTC",-80.78791,28.62577,"0101000020E61000003F8C101E6D3254C063D1747632A03C40",2022,2,18,49,7.76527777777778,"Titusville","","Fusco, K., et al. 2021.","HCTSA-A69-9007-6140-20970","Kirk Fusco (kirk.fusco@floridadep.gov)","Kirk Fusco (kirk.fusco@floridadep.gov)"
"HCTS","HCTS-A69-9007-6140-2022-02-17","Limulus polyphemus","horseshoe crab","2023-10-18","HCTSA","HCTSA","487549-NE","487549",1.2,0.3,"A69-9007-6140","A69-9007","A69-9007-6140",167,NA,NA,"ADC","2022-02-18 07:49:41","UTC",-80.78791,28.62577,"0101000020E61000003F8C101E6D3254C063D1747632A03C40",2022,2,18,49,7.82805555555556,"Titusville","","Fusco, K., et al. 2021.","HCTSA-A69-9007-6140-20977","Kirk Fusco (kirk.fusco@floridadep.gov)","Kirk Fusco (kirk.fusco@floridadep.gov)"
"HCTS","HCTS-A69-9007-6140-2022-02-17","Limulus polyphemus","horseshoe crab","2023-10-18","HCTSA","HCTSA","487551-W","487551",1.2,0.3,"A69-9007-6140","A69-9007","A69-9007-6140",167,NA,NA,"ADC","2022-02-18 07:49:42","UTC",-80.79027,28.62344,"0101000020E6100000A3409FC8933254C0AB048BC3999F3C40",2022,2,18,49,7.82833333333333,"Titusville","","Fusco, K., et al. 2021.","HCTSA-A69-9007-6140-20978","Kirk Fusco (kirk.fusco@floridadep.gov)","Kirk Fusco (kirk.fusco@floridadep.gov)"
"HCTS","HCTS-A69-9007-6140-2022-02-17","Limulus polyphemus","horseshoe crab","2023-10-18","HCTSA","HCTSA","487549-NE","487549",1.2,0.3,"A69-9007-6140","A69-9007","A69-9007-6140",167,NA,NA,"ADC","2022-02-18 07:53:57","UTC",-80.78791,28.62577,"0101000020E61000003F8C101E6D3254C063D1747632A03C40",2022,2,18,49,7.89916666666667,"Titusville","","Fusco, K., et al. 2021.","HCTSA-A69-9007-6140-20992","Kirk Fusco (kirk.fusco@floridadep.gov)","Kirk Fusco (kirk.fusco@floridadep.gov)"
"HCTS","HCTS-A69-9007-6140-2022-02-17","Limulus polyphemus","horseshoe crab","2023-10-18","HCTSA","HCTSA","487551-W","487551",1.2,0.3,"A69-9007-6140","A69-9007","A69-9007-6140",167,NA,NA,"ADC","2022-02-18 07:53:59","UTC",-80.79027,28.62344,"0101000020E6100000A3409FC8933254C0AB048BC3999F3C40",2022,2,18,49,7.89972222222222,"Titusville","","Fusco, K., et al. 2021.","HCTSA-A69-9007-6140-20993","Kirk Fusco (kirk.fusco@floridadep.gov)","Kirk Fusco (kirk.fusco@floridadep.gov)"
"HCTS","HCTS-A69-9007-6140-2022-02-17","Limulus polyphemus","horseshoe crab","2023-10-18","HCTSA","HCTSA","487549-NE","487549",1.2,0.3,"A69-9007-6140","A69-9007","A69-9007-6140",167,NA,NA,"ADC","2022-02-18 07:57:37","UTC",-80.78791,28.62577,"0101000020E61000003F8C101E6D3254C063D1747632A03C40",2022,2,18,49,7.96027777777778,"Titusville","","Fusco, K., et al. 2021.","HCTSA-A69-9007-6140-20998","Kirk Fusco (kirk.fusco@floridadep.gov)","Kirk Fusco (kirk.fusco@floridadep.gov)"
"HCTS","HCTS-A69-9007-6140-2022-02-17","Limulus polyphemus","horseshoe crab","2023-10-18","HCTSA","HCTSA","487551-W","487551",1.2,0.3,"A69-9007-6140","A69-9007","A69-9007-6140",167,NA,NA,"ADC","2022-02-18 07:57:38","UTC",-80.79027,28.62344,"0101000020E6100000A3409FC8933254C0AB048BC3999F3C40",2022,2,18,49,7.96055555555556,"Titusville","","Fusco, K., et al. 2021.","HCTSA-A69-9007-6140-20999","Kirk Fusco (kirk.fusco@floridadep.gov)","Kirk Fusco (kirk.fusco@floridadep.gov)"
"HCTS","HCTS-A69-9007-6140-2022-02-17","Limulus polyphemus","horseshoe crab","2023-10-18","HCTSA","HCTSA","487549-NE","487549",1.2,0.3,"A69-9007-6140","A69-9007","A69-9007-6140",167,NA,NA,"ADC","2022-02-18 08:01:41","UTC",-80.78791,28.62577,"0101000020E61000003F8C101E6D3254C063D1747632A03C40",2022,2,18,49,8.02805555555556,"Titusville","","Fusco, K., et al. 2021.","HCTSA-A69-9007-6140-21012","Kirk Fusco (kirk.fusco@floridadep.gov)","Kirk Fusco (kirk.fusco@floridadep.gov)"
"HCTS","HCTS-A69-9007-6140-2022-02-17","Limulus polyphemus","horseshoe crab","2023-10-18","HCTSA","HCTSA","487551-W","487551",1.2,0.3,"A69-9007-6140","A69-9007","A69-9007-6140",167,NA,NA,"ADC","2022-02-18 08:01:43","UTC",-80.79027,28.62344,"0101000020E6100000A3409FC8933254C0AB048BC3999F3C40",2022,2,18,49,8.02861111111111,"Titusville","","Fusco, K., et al. 2021.","HCTSA-A69-9007-6140-21013","Kirk Fusco (kirk.fusco@floridadep.gov)","Kirk Fusco (kirk.fusco@floridadep.gov)"
"HCTS","HCTS-A69-9007-6140-2022-02-17","Limulus polyphemus","horseshoe crab","2023-10-18","HCTSA","HCTSA","487550-SE","487550",1.2,0.3,"A69-9007-6140","A69-9007","A69-9007-6140",167,NA,NA,"ADC","2022-02-18 08:01:44","UTC",-80.78626,28.6223,"0101000020E6100000CA897615523254C0014D840D4F9F3C40",2022,2,18,49,8.02888888888889,"Titusville","","Fusco, K., et al. 2021.","HCTSA-A69-9007-6140-21015","Kirk Fusco (kirk.fusco@floridadep.gov)","Kirk Fusco (kirk.fusco@floridadep.gov)"
"HCTS","HCTS-A69-9007-6140-2022-02-17","Limulus polyphemus","horseshoe crab","2023-10-18","HCTSA","HCTSA","487549-NE","487549",1.2,0.3,"A69-9007-6140","A69-9007","A69-9007-6140",167,NA,NA,"ADC","2022-02-18 08:04:56","UTC",-80.78791,28.62577,"0101000020E61000003F8C101E6D3254C063D1747632A03C40",2022,2,18,49,8.08222222222222,"Titusville","","Fusco, K., et al. 2021.","HCTSA-A69-9007-6140-21019","Kirk Fusco (kirk.fusco@floridadep.gov)","Kirk Fusco (kirk.fusco@floridadep.gov)"
"HCTS","HCTS-A69-9007-6140-2022-02-17","Limulus polyphemus","horseshoe crab","2023-10-18","HCTSA","HCTSA","487551-W","487551",1.2,0.3,"A69-9007-6140","A69-9007","A69-9007-6140",167,NA,NA,"ADC","2022-02-18 08:04:57","UTC",-80.79027,28.62344,"0101000020E6100000A3409FC8933254C0AB048BC3999F3C40",2022,2,18,49,8.0825,"Titusville","","Fusco, K., et al. 2021.","HCTSA-A69-9007-6140-21020","Kirk Fusco (kirk.fusco@floridadep.gov)","Kirk Fusco (kirk.fusco@floridadep.gov)"
"HCTS","HCTS-A69-9007-6140-2022-02-17","Limulus polyphemus","horseshoe crab","2023-10-18","HCTSA","HCTSA","487549-NE","487549",1.2,0.3,"A69-9007-6140","A69-9007","A69-9007-6140",167,NA,NA,"ADC","2022-02-18 08:08:10","UTC",-80.78791,28.62577,"0101000020E61000003F8C101E6D3254C063D1747632A03C40",2022,2,18,49,8.13611111111111,"Titusville","","Fusco, K., et al. 2021.","HCTSA-A69-9007-6140-21021","Kirk Fusco (kirk.fusco@floridadep.gov)","Kirk Fusco (kirk.fusco@floridadep.gov)"
"HCTS","HCTS-A69-9007-6140-2022-02-17","Limulus polyphemus","horseshoe crab","2023-10-18","HCTSA","HCTSA","487551-W","487551",1.2,0.3,"A69-9007-6140","A69-9007","A69-9007-6140",167,NA,NA,"ADC","2022-02-18 08:08:11","UTC",-80.79027,28.62344,"0101000020E6100000A3409FC8933254C0AB048BC3999F3C40",2022,2,18,49,8.13638888888889,"Titusville","","Fusco, K., et al. 2021.","HCTSA-A69-9007-6140-21022","Kirk Fusco (kirk.fusco@floridadep.gov)","Kirk Fusco (kirk.fusco@floridadep.gov)"
"HCTS","HCTS-A69-9007-6140-2022-02-17","Limulus polyphemus","horseshoe crab","2023-10-18","HCTSA","HCTSA","487549-NE","487549",1.2,0.3,"A69-9007-6140","A69-9007","A69-9007-6140",168,NA,NA,"ADC","2022-02-18 08:11:25","UTC",-80.78791,28.62577,"0101000020E61000003F8C101E6D3254C063D1747632A03C40",2022,2,18,49,8.19027777777778,"Titusville","","Fusco, K., et al. 2021.","HCTSA-A69-9007-6140-21033","Kirk Fusco (kirk.fusco@floridadep.gov)","Kirk Fusco (kirk.fusco@floridadep.gov)"
"HCTS","HCTS-A69-9007-6140-2022-02-17","Limulus polyphemus","horseshoe crab","2023-10-18","HCTSA","HCTSA","487551-W","487551",1.2,0.3,"A69-9007-6140","A69-9007","A69-9007-6140",168,NA,NA,"ADC","2022-02-18 08:11:26","UTC",-80.79027,28.62344,"0101000020E6100000A3409FC8933254C0AB048BC3999F3C40",2022,2,18,49,8.19055555555556,"Titusville","","Fusco, K., et al. 2021.","HCTSA-A69-9007-6140-21034","Kirk Fusco (kirk.fusco@floridadep.gov)","Kirk Fusco (kirk.fusco@floridadep.gov)"
"HCTS","HCTS-A69-9007-6140-2022-02-17","Limulus polyphemus","horseshoe crab","2023-10-18","HCTSA","HCTSA","487549-NE","487549",1.2,0.3,"A69-9007-6140","A69-9007","A69-9007-6140",167,NA,NA,"ADC","2022-02-18 08:14:40","UTC",-80.78791,28.62577,"0101000020E61000003F8C101E6D3254C063D1747632A03C40",2022,2,18,49,8.24444444444444,"Titusville","","Fusco, K., et al. 2021.","HCTSA-A69-9007-6140-21041","Kirk Fusco (kirk.fusco@floridadep.gov)","Kirk Fusco (kirk.fusco@floridadep.gov)"
"HCTS","HCTS-A69-9007-6140-2022-02-17","Limulus polyphemus","horseshoe crab","2023-10-18","HCTSA","HCTSA","487549-NE","487549",1.2,0.3,"A69-9007-6140","A69-9007","A69-9007-6140",168,NA,NA,"ADC","2022-02-18 08:35:27","UTC",-80.78791,28.62577,"0101000020E61000003F8C101E6D3254C063D1747632A03C40",2022,2,18,49,8.59083333333333,"Titusville","","Fusco, K., et al. 2021.","HCTSA-A69-9007-6140-21069","Kirk Fusco (kirk.fusco@floridadep.gov)","Kirk Fusco (kirk.fusco@floridadep.gov)"
"HCTS","HCTS-A69-9007-6140-2022-02-17","Limulus polyphemus","horseshoe crab","2023-10-18","HCTSA","HCTSA","487549-NE","487549",1.2,0.3,"A69-9007-6140","A69-9007","A69-9007-6140",167,NA,NA,"ADC","2022-02-18 08:40:03","UTC",-80.78791,28.62577,"0101000020E61000003F8C101E6D3254C063D1747632A03C40",2022,2,18,49,8.6675,"Titusville","","Fusco, K., et al. 2021.","HCTSA-A69-9007-6140-21079","Kirk Fusco (kirk.fusco@floridadep.gov)","Kirk Fusco (kirk.fusco@floridadep.gov)"
"HCTS","HCTS-A69-9007-6140-2022-02-17","Limulus polyphemus","horseshoe crab","2023-10-18","HCTSA","HCTSA","487549-NE","487549",1.2,0.3,"A69-9007-6140","A69-9007","A69-9007-6140",168,NA,NA,"ADC","2022-02-18 08:44:21","UTC",-80.78791,28.62577,"0101000020E61000003F8C101E6D3254C063D1747632A03C40",2022,2,18,49,8.73916666666667,"Titusville","","Fusco, K., et al. 2021.","HCTSA-A69-9007-6140-21085","Kirk Fusco (kirk.fusco@floridadep.gov)","Kirk Fusco (kirk.fusco@floridadep.gov)"
"HCTS","HCTS-A69-9007-6140-2022-02-17","Limulus polyphemus","horseshoe crab","2023-10-18","HCTSA","HCTSA","487549-NE","487549",1.2,0.3,"A69-9007-6140","A69-9007","A69-9007-6140",168,NA,NA,"ADC","2022-02-18 08:48:02","UTC",-80.78791,28.62577,"0101000020E61000003F8C101E6D3254C063D1747632A03C40",2022,2,18,49,8.80055555555556,"Titusville","","Fusco, K., et al. 2021.","HCTSA-A69-9007-6140-21090","Kirk Fusco (kirk.fusco@floridadep.gov)","Kirk Fusco (kirk.fusco@floridadep.gov)"
"HCTS","HCTS-A69-9007-6140-2022-02-17","Limulus polyphemus","horseshoe crab","2023-10-18","HCTSA","HCTSA","487549-NE","487549",1.2,0.3,"A69-9007-6140","A69-9007","A69-9007-6140",168,NA,NA,"ADC","2022-02-18 08:52:10","UTC",-80.78791,28.62577,"0101000020E61000003F8C101E6D3254C063D1747632A03C40",2022,2,18,49,8.86944444444445,"Titusville","","Fusco, K., et al. 2021.","HCTSA-A69-9007-6140-21105","Kirk Fusco (kirk.fusco@floridadep.gov)","Kirk Fusco (kirk.fusco@floridadep.gov)"
"HCTS","HCTS-A69-9007-6140-2022-02-17","Limulus polyphemus","horseshoe crab","2023-10-18","HCTSA","HCTSA","487549-NE","487549",1.2,0.3,"A69-9007-6140","A69-9007","A69-9007-6140",168,NA,NA,"ADC","2022-02-18 08:55:32","UTC",-80.78791,28.62577,"0101000020E61000003F8C101E6D3254C063D1747632A03C40",2022,2,18,49,8.92555555555555,"Titusville","","Fusco, K., et al. 2021.","HCTSA-A69-9007-6140-21108","Kirk Fusco (kirk.fusco@floridadep.gov)","Kirk Fusco (kirk.fusco@floridadep.gov)"
"HCTS","HCTS-A69-9007-6140-2022-02-17","Limulus polyphemus","horseshoe crab","2023-10-18","HCTSA","HCTSA","487551-W","487551",1.2,0.3,"A69-9007-6140","A69-9007","A69-9007-6140",168,NA,NA,"ADC","2022-02-18 08:55:33","UTC",-80.79027,28.62344,"0101000020E6100000A3409FC8933254C0AB048BC3999F3C40",2022,2,18,49,8.92583333333333,"Titusville","","Fusco, K., et al. 2021.","HCTSA-A69-9007-6140-21109","Kirk Fusco (kirk.fusco@floridadep.gov)","Kirk Fusco (kirk.fusco@floridadep.gov)"
"HCTS","HCTS-A69-9007-6140-2022-02-17","Limulus polyphemus","horseshoe crab","2023-10-18","HCTSA","HCTSA","487549-NE","487549",1.2,0.3,"A69-9007-6140","A69-9007","A69-9007-6140",167,NA,NA,"ADC","2022-02-18 08:59:00","UTC",-80.78791,28.62577,"0101000020E61000003F8C101E6D3254C063D1747632A03C40",2022,2,18,49,8.98333333333333,"Titusville","","Fusco, K., et al. 2021.","HCTSA-A69-9007-6140-21114","Kirk Fusco (kirk.fusco@floridadep.gov)","Kirk Fusco (kirk.fusco@floridadep.gov)"
"HCTS","HCTS-A69-9007-6140-2022-02-17","Limulus polyphemus","horseshoe crab","2023-10-18","HCTSA","HCTSA","487551-W","487551",1.2,0.3,"A69-9007-6140","A69-9007","A69-9007-6140",167,NA,NA,"ADC","2022-02-18 08:59:01","UTC",-80.79027,28.62344,"0101000020E6100000A3409FC8933254C0AB048BC3999F3C40",2022,2,18,49,8.98361111111111,"Titusville","","Fusco, K., et al. 2021.","HCTSA-A69-9007-6140-21115","Kirk Fusco (kirk.fusco@floridadep.gov)","Kirk Fusco (kirk.fusco@floridadep.gov)"
"HCTS","HCTS-A69-9007-6140-2022-02-17","Limulus polyphemus","horseshoe crab","2023-10-18","HCTSA","HCTSA","487549-NE","487549",1.2,0.3,"A69-9007-6140","A69-9007","A69-9007-6140",167,NA,NA,"ADC","2022-02-18 09:02:41","UTC",-80.78791,28.62577,"0101000020E61000003F8C101E6D3254C063D1747632A03C40",2022,2,18,49,9.04472222222222,"Titusville","","Fusco, K., et al. 2021.","HCTSA-A69-9007-6140-21129","Kirk Fusco (kirk.fusco@floridadep.gov)","Kirk Fusco (kirk.fusco@floridadep.gov)"
"HCTS","HCTS-A69-9007-6140-2022-02-17","Limulus polyphemus","horseshoe crab","2023-10-18","HCTSA","HCTSA","487551-W","487551",1.2,0.3,"A69-9007-6140","A69-9007","A69-9007-6140",167,NA,NA,"ADC","2022-02-18 09:02:42","UTC",-80.79027,28.62344,"0101000020E6100000A3409FC8933254C0AB048BC3999F3C40",2022,2,18,49,9.045,"Titusville","","Fusco, K., et al. 2021.","HCTSA-A69-9007-6140-21130","Kirk Fusco (kirk.fusco@floridadep.gov)","Kirk Fusco (kirk.fusco@floridadep.gov)"
"HCTS","HCTS-A69-9007-6140-2022-02-17","Limulus polyphemus","horseshoe crab","2023-10-18","HCTSA","HCTSA","487549-NE","487549",1.2,0.3,"A69-9007-6140","A69-9007","A69-9007-6140",167,NA,NA,"ADC","2022-02-18 09:06:49","UTC",-80.78791,28.62577,"0101000020E61000003F8C101E6D3254C063D1747632A03C40",2022,2,18,49,9.11361111111111,"Titusville","","Fusco, K., et al. 2021.","HCTSA-A69-9007-6140-21133","Kirk Fusco (kirk.fusco@floridadep.gov)","Kirk Fusco (kirk.fusco@floridadep.gov)"
"HCTS","HCTS-A69-9007-6140-2022-02-17","Limulus polyphemus","horseshoe crab","2023-10-18","HCTSA","HCTSA","487551-W","487551",1.2,0.3,"A69-9007-6140","A69-9007","A69-9007-6140",167,NA,NA,"ADC","2022-02-18 09:06:51","UTC",-80.79027,28.62344,"0101000020E6100000A3409FC8933254C0AB048BC3999F3C40",2022,2,18,49,9.11416666666667,"Titusville","","Fusco, K., et al. 2021.","HCTSA-A69-9007-6140-21134","Kirk Fusco (kirk.fusco@floridadep.gov)","Kirk Fusco (kirk.fusco@floridadep.gov)"
"HCTS","HCTS-A69-9007-6140-2022-02-17","Limulus polyphemus","horseshoe crab","2023-10-18","HCTSA","HCTSA","487549-NE","487549",1.2,0.3,"A69-9007-6140","A69-9007","A69-9007-6140",167,NA,NA,"ADC","2022-02-18 09:10:12","UTC",-80.78791,28.62577,"0101000020E61000003F8C101E6D3254C063D1747632A03C40",2022,2,18,49,9.17,"Titusville","","Fusco, K., et al. 2021.","HCTSA-A69-9007-6140-21142","Kirk Fusco (kirk.fusco@floridadep.gov)","Kirk Fusco (kirk.fusco@floridadep.gov)"
"HCTS","HCTS-A69-9007-6140-2022-02-17","Limulus polyphemus","horseshoe crab","2023-10-18","HCTSA","HCTSA","487551-W","487551",1.2,0.3,"A69-9007-6140","A69-9007","A69-9007-6140",167,NA,NA,"ADC","2022-02-18 09:10:14","UTC",-80.79027,28.62344,"0101000020E6100000A3409FC8933254C0AB048BC3999F3C40",2022,2,18,49,9.17055555555556,"Titusville","","Fusco, K., et al. 2021.","HCTSA-A69-9007-6140-21143","Kirk Fusco (kirk.fusco@floridadep.gov)","Kirk Fusco (kirk.fusco@floridadep.gov)"
"HCTS","HCTS-A69-9007-6140-2022-02-17","Limulus polyphemus","horseshoe crab","2023-10-18","HCTSA","HCTSA","487549-NE","487549",1.2,0.3,"A69-9007-6140","A69-9007","A69-9007-6140",167,NA,NA,"ADC","2022-02-18 09:13:44","UTC",-80.78791,28.62577,"0101000020E61000003F8C101E6D3254C063D1747632A03C40",2022,2,18,49,9.22888888888889,"Titusville","","Fusco, K., et al. 2021.","HCTSA-A69-9007-6140-21153","Kirk Fusco (kirk.fusco@floridadep.gov)","Kirk Fusco (kirk.fusco@floridadep.gov)"
"HCTS","HCTS-A69-9007-6140-2022-02-17","Limulus polyphemus","horseshoe crab","2023-10-18","HCTSA","HCTSA","487551-W","487551",1.2,0.3,"A69-9007-6140","A69-9007","A69-9007-6140",167,NA,NA,"ADC","2022-02-18 09:13:46","UTC",-80.79027,28.62344,"0101000020E6100000A3409FC8933254C0AB048BC3999F3C40",2022,2,18,49,9.22944444444444,"Titusville","","Fusco, K., et al. 2021.","HCTSA-A69-9007-6140-21155","Kirk Fusco (kirk.fusco@floridadep.gov)","Kirk Fusco (kirk.fusco@floridadep.gov)"
"HCTS","HCTS-A69-9007-6140-2022-02-17","Limulus polyphemus","horseshoe crab","2023-10-18","HCTSA","HCTSA","487549-NE","487549",1.2,0.3,"A69-9007-6140","A69-9007","A69-9007-6140",166,NA,NA,"ADC","2022-02-18 09:17:34","UTC",-80.78791,28.62577,"0101000020E61000003F8C101E6D3254C063D1747632A03C40",2022,2,18,49,9.29277777777778,"Titusville","","Fusco, K., et al. 2021.","HCTSA-A69-9007-6140-21160","Kirk Fusco (kirk.fusco@floridadep.gov)","Kirk Fusco (kirk.fusco@floridadep.gov)"
"HCTS","HCTS-A69-9007-6140-2022-02-17","Limulus polyphemus","horseshoe crab","2023-10-18","HCTSA","HCTSA","487551-W","487551",1.2,0.3,"A69-9007-6140","A69-9007","A69-9007-6140",166,NA,NA,"ADC","2022-02-18 09:17:36","UTC",-80.79027,28.62344,"0101000020E6100000A3409FC8933254C0AB048BC3999F3C40",2022,2,18,49,9.29333333333333,"Titusville","","Fusco, K., et al. 2021.","HCTSA-A69-9007-6140-21161","Kirk Fusco (kirk.fusco@floridadep.gov)","Kirk Fusco (kirk.fusco@floridadep.gov)"
"HCTS","HCTS-A69-9007-6140-2022-02-17","Limulus polyphemus","horseshoe crab","2023-10-18","HCTSA","HCTSA","487549-NE","487549",1.2,0.3,"A69-9007-6140","A69-9007","A69-9007-6140",165,NA,NA,"ADC","2022-02-18 09:22:00","UTC",-80.78791,28.62577,"0101000020E61000003F8C101E6D3254C063D1747632A03C40",2022,2,18,49,9.36666666666667,"Titusville","","Fusco, K., et al. 2021.","HCTSA-A69-9007-6140-21176","Kirk Fusco (kirk.fusco@floridadep.gov)","Kirk Fusco (kirk.fusco@floridadep.gov)"
"HCTS","HCTS-A69-9007-6140-2022-02-17","Limulus polyphemus","horseshoe crab","2023-10-18","HCTSA","HCTSA","487551-W","487551",1.2,0.3,"A69-9007-6140","A69-9007","A69-9007-6140",165,NA,NA,"ADC","2022-02-18 09:22:01","UTC",-80.79027,28.62344,"0101000020E6100000A3409FC8933254C0AB048BC3999F3C40",2022,2,18,49,9.36694444444444,"Titusville","","Fusco, K., et al. 2021.","HCTSA-A69-9007-6140-21177","Kirk Fusco (kirk.fusco@floridadep.gov)","Kirk Fusco (kirk.fusco@floridadep.gov)"
"HCTS","HCTS-A69-9007-6140-2022-02-17","Limulus polyphemus","horseshoe crab","2023-10-18","HCTSA","HCTSA","487550-SE","487550",1.2,0.3,"A69-9007-6140","A69-9007","A69-9007-6140",165,NA,NA,"ADC","2022-02-18 09:22:02","UTC",-80.78626,28.6223,"0101000020E6100000CA897615523254C0014D840D4F9F3C40",2022,2,18,49,9.36722222222222,"Titusville","","Fusco, K., et al. 2021.","HCTSA-A69-9007-6140-21178","Kirk Fusco (kirk.fusco@floridadep.gov)","Kirk Fusco (kirk.fusco@floridadep.gov)"
"HCTS","HCTS-A69-9007-6140-2022-02-17","Limulus polyphemus","horseshoe crab","2023-10-18","HCTSA","HCTSA","487549-NE","487549",1.2,0.3,"A69-9007-6140","A69-9007","A69-9007-6140",165,NA,NA,"ADC","2022-02-18 09:25:55","UTC",-80.78791,28.62577,"0101000020E61000003F8C101E6D3254C063D1747632A03C40",2022,2,18,49,9.43194444444444,"Titusville","","Fusco, K., et al. 2021.","HCTSA-A69-9007-6140-21182","Kirk Fusco (kirk.fusco@floridadep.gov)","Kirk Fusco (kirk.fusco@floridadep.gov)"
"HCTS","HCTS-A69-9007-6140-2022-02-17","Limulus polyphemus","horseshoe crab","2023-10-18","HCTSA","HCTSA","487551-W","487551",1.2,0.3,"A69-9007-6140","A69-9007","A69-9007-6140",165,NA,NA,"ADC","2022-02-18 09:25:57","UTC",-80.79027,28.62344,"0101000020E6100000A3409FC8933254C0AB048BC3999F3C40",2022,2,18,49,9.4325,"Titusville","","Fusco, K., et al. 2021.","HCTSA-A69-9007-6140-21183","Kirk Fusco (kirk.fusco@floridadep.gov)","Kirk Fusco (kirk.fusco@floridadep.gov)"
"HCTS","HCTS-A69-9007-6140-2022-02-17","Limulus polyphemus","horseshoe crab","2023-10-18","HCTSA","HCTSA","487549-NE","487549",1.2,0.3,"A69-9007-6140","A69-9007","A69-9007-6140",165,NA,NA,"ADC","2022-02-18 09:30:32","UTC",-80.78791,28.62577,"0101000020E61000003F8C101E6D3254C063D1747632A03C40",2022,2,18,49,9.50888888888889,"Titusville","","Fusco, K., et al. 2021.","HCTSA-A69-9007-6140-21197","Kirk Fusco (kirk.fusco@floridadep.gov)","Kirk Fusco (kirk.fusco@floridadep.gov)"
"HCTS","HCTS-A69-9007-6140-2022-02-17","Limulus polyphemus","horseshoe crab","2023-10-18","HCTSA","HCTSA","487551-W","487551",1.2,0.3,"A69-9007-6140","A69-9007","A69-9007-6140",165,NA,NA,"ADC","2022-02-18 09:30:34","UTC",-80.79027,28.62344,"0101000020E6100000A3409FC8933254C0AB048BC3999F3C40",2022,2,18,49,9.50944444444444,"Titusville","","Fusco, K., et al. 2021.","HCTSA-A69-9007-6140-21198","Kirk Fusco (kirk.fusco@floridadep.gov)","Kirk Fusco (kirk.fusco@floridadep.gov)"
"HCTS","HCTS-A69-9007-6140-2022-02-17","Limulus polyphemus","horseshoe crab","2023-10-18","HCTSA","HCTSA","487550-SE","487550",1.2,0.3,"A69-9007-6140","A69-9007","A69-9007-6140",165,NA,NA,"ADC","2022-02-18 09:30:35","UTC",-80.78626,28.6223,"0101000020E6100000CA897615523254C0014D840D4F9F3C40",2022,2,18,49,9.50972222222222,"Titusville","","Fusco, K., et al. 2021.","HCTSA-A69-9007-6140-21199","Kirk Fusco (kirk.fusco@floridadep.gov)","Kirk Fusco (kirk.fusco@floridadep.gov)"
"HCTS","HCTS-A69-9007-6140-2022-02-17","Limulus polyphemus","horseshoe crab","2023-10-18","HCTSA","HCTSA","487549-NE","487549",1.2,0.3,"A69-9007-6140","A69-9007","A69-9007-6140",165,NA,NA,"ADC","2022-02-18 09:34:51","UTC",-80.78791,28.62577,"0101000020E61000003F8C101E6D3254C063D1747632A03C40",2022,2,18,49,9.58083333333333,"Titusville","","Fusco, K., et al. 2021.","HCTSA-A69-9007-6140-21207","Kirk Fusco (kirk.fusco@floridadep.gov)","Kirk Fusco (kirk.fusco@floridadep.gov)"
"HCTS","HCTS-A69-9007-6140-2022-02-17","Limulus polyphemus","horseshoe crab","2023-10-18","HCTSA","HCTSA","487551-W","487551",1.2,0.3,"A69-9007-6140","A69-9007","A69-9007-6140",165,NA,NA,"ADC","2022-02-18 09:34:52","UTC",-80.79027,28.62344,"0101000020E6100000A3409FC8933254C0AB048BC3999F3C40",2022,2,18,49,9.58111111111111,"Titusville","","Fusco, K., et al. 2021.","HCTSA-A69-9007-6140-21208","Kirk Fusco (kirk.fusco@floridadep.gov)","Kirk Fusco (kirk.fusco@floridadep.gov)"
"HCTS","HCTS-A69-9007-6140-2022-02-17","Limulus polyphemus","horseshoe crab","2023-10-18","HCTSA","HCTSA","487549-NE","487549",1.2,0.3,"A69-9007-6140","A69-9007","A69-9007-6140",165,NA,NA,"ADC","2022-02-18 09:38:34","UTC",-80.78791,28.62577,"0101000020E61000003F8C101E6D3254C063D1747632A03C40",2022,2,18,49,9.64277777777778,"Titusville","","Fusco, K., et al. 2021.","HCTSA-A69-9007-6140-21210","Kirk Fusco (kirk.fusco@floridadep.gov)","Kirk Fusco (kirk.fusco@floridadep.gov)"
"HCTS","HCTS-A69-9007-6140-2022-02-17","Limulus polyphemus","horseshoe crab","2023-10-18","HCTSA","HCTSA","487549-NE","487549",1.2,0.3,"A69-9007-6140","A69-9007","A69-9007-6140",165,NA,NA,"ADC","2022-02-18 09:42:46","UTC",-80.78791,28.62577,"0101000020E61000003F8C101E6D3254C063D1747632A03C40",2022,2,18,49,9.71277777777778,"Titusville","","Fusco, K., et al. 2021.","HCTSA-A69-9007-6140-21221","Kirk Fusco (kirk.fusco@floridadep.gov)","Kirk Fusco (kirk.fusco@floridadep.gov)"
"HCTS","HCTS-A69-9007-6140-2022-02-17","Limulus polyphemus","horseshoe crab","2023-10-18","HCTSA","HCTSA","487549-NE","487549",1.2,0.3,"A69-9007-6140","A69-9007","A69-9007-6140",164,NA,NA,"ADC","2022-02-18 09:46:15","UTC",-80.78791,28.62577,"0101000020E61000003F8C101E6D3254C063D1747632A03C40",2022,2,18,49,9.77083333333333,"Titusville","","Fusco, K., et al. 2021.","HCTSA-A69-9007-6140-21226","Kirk Fusco (kirk.fusco@floridadep.gov)","Kirk Fusco (kirk.fusco@floridadep.gov)"
"HCTS","HCTS-A69-9007-6140-2022-02-17","Limulus polyphemus","horseshoe crab","2023-10-18","HCTSA","HCTSA","487551-W","487551",1.2,0.3,"A69-9007-6140","A69-9007","A69-9007-6140",164,NA,NA,"ADC","2022-02-18 09:46:17","UTC",-80.79027,28.62344,"0101000020E6100000A3409FC8933254C0AB048BC3999F3C40",2022,2,18,49,9.77138888888889,"Titusville","","Fusco, K., et al. 2021.","HCTSA-A69-9007-6140-21227","Kirk Fusco (kirk.fusco@floridadep.gov)","Kirk Fusco (kirk.fusco@floridadep.gov)"
"HCTS","HCTS-A69-9007-6140-2022-02-17","Limulus polyphemus","horseshoe crab","2023-10-18","HCTSA","HCTSA","487549-NE","487549",1.2,0.3,"A69-9007-6140","A69-9007","A69-9007-6140",164,NA,NA,"ADC","2022-02-18 09:54:12","UTC",-80.78791,28.62577,"0101000020E61000003F8C101E6D3254C063D1747632A03C40",2022,2,18,49,9.90333333333333,"Titusville","","Fusco, K., et al. 2021.","HCTSA-A69-9007-6140-21247","Kirk Fusco (kirk.fusco@floridadep.gov)","Kirk Fusco (kirk.fusco@floridadep.gov)"
"HCTS","HCTS-A69-9007-6140-2022-02-17","Limulus polyphemus","horseshoe crab","2023-10-18","HCTSA","HCTSA","487549-NE","487549",1.2,0.3,"A69-9007-6140","A69-9007","A69-9007-6140",164,NA,NA,"ADC","2022-02-18 09:57:43","UTC",-80.78791,28.62577,"0101000020E61000003F8C101E6D3254C063D1747632A03C40",2022,2,18,49,9.96194444444444,"Titusville","","Fusco, K., et al. 2021.","HCTSA-A69-9007-6140-21251","Kirk Fusco (kirk.fusco@floridadep.gov)","Kirk Fusco (kirk.fusco@floridadep.gov)"
"HCTS","HCTS-A69-9007-6140-2022-02-17","Limulus polyphemus","horseshoe crab","2023-10-18","HCTSA","HCTSA","487549-NE","487549",1.2,0.3,"A69-9007-6140","A69-9007","A69-9007-6140",164,NA,NA,"ADC","2022-02-18 10:01:30","UTC",-80.78791,28.62577,"0101000020E61000003F8C101E6D3254C063D1747632A03C40",2022,2,18,49,10.025,"Titusville","","Fusco, K., et al. 2021.","HCTSA-A69-9007-6140-21263","Kirk Fusco (kirk.fusco@floridadep.gov)","Kirk Fusco (kirk.fusco@floridadep.gov)"
"HCTS","HCTS-A69-9007-6140-2022-02-17","Limulus polyphemus","horseshoe crab","2023-10-18","HCTSA","HCTSA","487551-W","487551",1.2,0.3,"A69-9007-6140","A69-9007","A69-9007-6140",164,NA,NA,"ADC","2022-02-18 10:01:32","UTC",-80.79027,28.62344,"0101000020E6100000A3409FC8933254C0AB048BC3999F3C40",2022,2,18,49,10.0255555555556,"Titusville","","Fusco, K., et al. 2021.","HCTSA-A69-9007-6140-21264","Kirk Fusco (kirk.fusco@floridadep.gov)","Kirk Fusco (kirk.fusco@floridadep.gov)"
"HCTS","HCTS-A69-9007-6140-2022-02-17","Limulus polyphemus","horseshoe crab","2023-10-18","HCTSA","HCTSA","487549-NE","487549",1.2,0.3,"A69-9007-6140","A69-9007","A69-9007-6140",164,NA,NA,"ADC","2022-02-18 10:09:37","UTC",-80.78791,28.62577,"0101000020E61000003F8C101E6D3254C063D1747632A03C40",2022,2,18,49,10.1602777777778,"Titusville","","Fusco, K., et al. 2021.","HCTSA-A69-9007-6140-21275","Kirk Fusco (kirk.fusco@floridadep.gov)","Kirk Fusco (kirk.fusco@floridadep.gov)"
"HCTS","HCTS-A69-9007-6140-2022-02-17","Limulus polyphemus","horseshoe crab","2023-10-18","HCTSA","HCTSA","487549-NE","487549",1.2,0.3,"A69-9007-6140","A69-9007","A69-9007-6140",163,NA,NA,"ADC","2022-02-18 10:13:56","UTC",-80.78791,28.62577,"0101000020E61000003F8C101E6D3254C063D1747632A03C40",2022,2,18,49,10.2322222222222,"Titusville","","Fusco, K., et al. 2021.","HCTSA-A69-9007-6140-21291","Kirk Fusco (kirk.fusco@floridadep.gov)","Kirk Fusco (kirk.fusco@floridadep.gov)"
"HCTS","HCTS-A69-9007-6140-2022-02-17","Limulus polyphemus","horseshoe crab","2023-10-18","HCTSA","HCTSA","487551-W","487551",1.2,0.3,"A69-9007-6140","A69-9007","A69-9007-6140",163,NA,NA,"ADC","2022-02-18 10:13:58","UTC",-80.79027,28.62344,"0101000020E6100000A3409FC8933254C0AB048BC3999F3C40",2022,2,18,49,10.2327777777778,"Titusville","","Fusco, K., et al. 2021.","HCTSA-A69-9007-6140-21292","Kirk Fusco (kirk.fusco@floridadep.gov)","Kirk Fusco (kirk.fusco@floridadep.gov)"
"HCTS","HCTS-A69-9007-6140-2022-02-17","Limulus polyphemus","horseshoe crab","2023-10-18","HCTSA","HCTSA","487550-SE","487550",1.2,0.3,"A69-9007-6140","A69-9007","A69-9007-6140",163,NA,NA,"ADC","2022-02-18 10:13:59","UTC",-80.78626,28.6223,"0101000020E6100000CA897615523254C0014D840D4F9F3C40",2022,2,18,49,10.2330555555556,"Titusville","","Fusco, K., et al. 2021.","HCTSA-A69-9007-6140-21293","Kirk Fusco (kirk.fusco@floridadep.gov)","Kirk Fusco (kirk.fusco@floridadep.gov)"
"HCTS","HCTS-A69-9007-6140-2022-02-17","Limulus polyphemus","horseshoe crab","2023-10-18","HCTSA","HCTSA","487549-NE","487549",1.2,0.3,"A69-9007-6140","A69-9007","A69-9007-6140",163,NA,NA,"ADC","2022-02-18 10:17:40","UTC",-80.78791,28.62577,"0101000020E61000003F8C101E6D3254C063D1747632A03C40",2022,2,18,49,10.2944444444444,"Titusville","","Fusco, K., et al. 2021.","HCTSA-A69-9007-6140-21295","Kirk Fusco (kirk.fusco@floridadep.gov)","Kirk Fusco (kirk.fusco@floridadep.gov)"
"HCTS","HCTS-A69-9007-6140-2022-02-17","Limulus polyphemus","horseshoe crab","2023-10-18","HCTSA","HCTSA","487550-SE","487550",1.2,0.3,"A69-9007-6140","A69-9007","A69-9007-6140",163,NA,NA,"ADC","2022-02-18 10:17:43","UTC",-80.78626,28.6223,"0101000020E6100000CA897615523254C0014D840D4F9F3C40",2022,2,18,49,10.2952777777778,"Titusville","","Fusco, K., et al. 2021.","HCTSA-A69-9007-6140-21296","Kirk Fusco (kirk.fusco@floridadep.gov)","Kirk Fusco (kirk.fusco@floridadep.gov)"
"HCTS","HCTS-A69-9007-6140-2022-02-17","Limulus polyphemus","horseshoe crab","2023-10-18","HCTSA","HCTSA","487549-NE","487549",1.2,0.3,"A69-9007-6140","A69-9007","A69-9007-6140",163,NA,NA,"ADC","2022-02-18 10:21:53","UTC",-80.78791,28.62577,"0101000020E61000003F8C101E6D3254C063D1747632A03C40",2022,2,18,49,10.3647222222222,"Titusville","","Fusco, K., et al. 2021.","HCTSA-A69-9007-6140-21313","Kirk Fusco (kirk.fusco@floridadep.gov)","Kirk Fusco (kirk.fusco@floridadep.gov)"
"HCTS","HCTS-A69-9007-6140-2022-02-17","Limulus polyphemus","horseshoe crab","2023-10-18","HCTSA","HCTSA","487550-SE","487550",1.2,0.3,"A69-9007-6140","A69-9007","A69-9007-6140",163,NA,NA,"ADC","2022-02-18 10:21:55","UTC",-80.78626,28.6223,"0101000020E6100000CA897615523254C0014D840D4F9F3C40",2022,2,18,49,10.3652777777778,"Titusville","","Fusco, K., et al. 2021.","HCTSA-A69-9007-6140-21315","Kirk Fusco (kirk.fusco@floridadep.gov)","Kirk Fusco (kirk.fusco@floridadep.gov)"
"HCTS","HCTS-A69-9007-6140-2022-02-17","Limulus polyphemus","horseshoe crab","2023-10-18","HCTSA","HCTSA","487549-NE","487549",1.2,0.3,"A69-9007-6140","A69-9007","A69-9007-6140",163,NA,NA,"ADC","2022-02-18 10:25:24","UTC",-80.78791,28.62577,"0101000020E61000003F8C101E6D3254C063D1747632A03C40",2022,2,18,49,10.4233333333333,"Titusville","","Fusco, K., et al. 2021.","HCTSA-A69-9007-6140-21321","Kirk Fusco (kirk.fusco@floridadep.gov)","Kirk Fusco (kirk.fusco@floridadep.gov)"
"HCTS","HCTS-A69-9007-6140-2022-02-17","Limulus polyphemus","horseshoe crab","2023-10-18","HCTSA","HCTSA","487550-SE","487550",1.2,0.3,"A69-9007-6140","A69-9007","A69-9007-6140",163,NA,NA,"ADC","2022-02-18 10:25:27","UTC",-80.78626,28.6223,"0101000020E6100000CA897615523254C0014D840D4F9F3C40",2022,2,18,49,10.4241666666667,"Titusville","","Fusco, K., et al. 2021.","HCTSA-A69-9007-6140-21322","Kirk Fusco (kirk.fusco@floridadep.gov)","Kirk Fusco (kirk.fusco@floridadep.gov)"
"HCTS","HCTS-A69-9007-6140-2022-02-17","Limulus polyphemus","horseshoe crab","2023-10-18","HCTSA","HCTSA","487551-W","487551",1.2,0.3,"A69-9007-6140","A69-9007","A69-9007-6140",163,NA,NA,"ADC","2022-02-18 10:29:14","UTC",-80.79027,28.62344,"0101000020E6100000A3409FC8933254C0AB048BC3999F3C40",2022,2,18,49,10.4872222222222,"Titusville","","Fusco, K., et al. 2021.","HCTSA-A69-9007-6140-21332","Kirk Fusco (kirk.fusco@floridadep.gov)","Kirk Fusco (kirk.fusco@floridadep.gov)"
"HCTS","HCTS-A69-9007-6140-2022-02-17","Limulus polyphemus","horseshoe crab","2023-10-18","HCTSA","HCTSA","487549-NE","487549",1.2,0.3,"A69-9007-6140","A69-9007","A69-9007-6140",163,NA,NA,"ADC","2022-02-18 10:33:35","UTC",-80.78791,28.62577,"0101000020E61000003F8C101E6D3254C063D1747632A03C40",2022,2,18,49,10.5597222222222,"Titusville","","Fusco, K., et al. 2021.","HCTSA-A69-9007-6140-21345","Kirk Fusco (kirk.fusco@floridadep.gov)","Kirk Fusco (kirk.fusco@floridadep.gov)"
"HCTS","HCTS-A69-9007-6140-2022-02-17","Limulus polyphemus","horseshoe crab","2023-10-18","HCTSA","HCTSA","487551-W","487551",1.2,0.3,"A69-9007-6140","A69-9007","A69-9007-6140",163,NA,NA,"ADC","2022-02-18 10:33:37","UTC",-80.79027,28.62344,"0101000020E6100000A3409FC8933254C0AB048BC3999F3C40",2022,2,18,49,10.5602777777778,"Titusville","","Fusco, K., et al. 2021.","HCTSA-A69-9007-6140-21346","Kirk Fusco (kirk.fusco@floridadep.gov)","Kirk Fusco (kirk.fusco@floridadep.gov)"
"HCTS","HCTS-A69-9007-6140-2022-02-17","Limulus polyphemus","horseshoe crab","2023-10-18","HCTSA","HCTSA","487549-NE","487549",1.2,0.3,"A69-9007-6140","A69-9007","A69-9007-6140",163,NA,NA,"ADC","2022-02-18 10:37:26","UTC",-80.78791,28.62577,"0101000020E61000003F8C101E6D3254C063D1747632A03C40",2022,2,18,49,10.6238888888889,"Titusville","","Fusco, K., et al. 2021.","HCTSA-A69-9007-6140-21352","Kirk Fusco (kirk.fusco@floridadep.gov)","Kirk Fusco (kirk.fusco@floridadep.gov)"
"HCTS","HCTS-A69-9007-6140-2022-02-17","Limulus polyphemus","horseshoe crab","2023-10-18","HCTSA","HCTSA","487551-W","487551",1.2,0.3,"A69-9007-6140","A69-9007","A69-9007-6140",163,NA,NA,"ADC","2022-02-18 10:37:28","UTC",-80.79027,28.62344,"0101000020E6100000A3409FC8933254C0AB048BC3999F3C40",2022,2,18,49,10.6244444444444,"Titusville","","Fusco, K., et al. 2021.","HCTSA-A69-9007-6140-21353","Kirk Fusco (kirk.fusco@floridadep.gov)","Kirk Fusco (kirk.fusco@floridadep.gov)"
"HCTS","HCTS-A69-9007-6140-2022-02-17","Limulus polyphemus","horseshoe crab","2023-10-18","HCTSA","HCTSA","487549-NE","487549",1.2,0.3,"A69-9007-6140","A69-9007","A69-9007-6140",163,NA,NA,"ADC","2022-02-18 10:41:53","UTC",-80.78791,28.62577,"0101000020E61000003F8C101E6D3254C063D1747632A03C40",2022,2,18,49,10.6980555555556,"Titusville","","Fusco, K., et al. 2021.","HCTSA-A69-9007-6140-21363","Kirk Fusco (kirk.fusco@floridadep.gov)","Kirk Fusco (kirk.fusco@floridadep.gov)"
"HCTS","HCTS-A69-9007-6140-2022-02-17","Limulus polyphemus","horseshoe crab","2023-10-18","HCTSA","HCTSA","487549-NE","487549",1.2,0.3,"A69-9007-6140","A69-9007","A69-9007-6140",163,NA,NA,"ADC","2022-02-18 10:45:54","UTC",-80.78791,28.62577,"0101000020E61000003F8C101E6D3254C063D1747632A03C40",2022,2,18,49,10.765,"Titusville","","Fusco, K., et al. 2021.","HCTSA-A69-9007-6140-21368","Kirk Fusco (kirk.fusco@floridadep.gov)","Kirk Fusco (kirk.fusco@floridadep.gov)"
"HCTS","HCTS-A69-9007-6140-2022-02-17","Limulus polyphemus","horseshoe crab","2023-10-18","HCTSA","HCTSA","487549-NE","487549",1.2,0.3,"A69-9007-6140","A69-9007","A69-9007-6140",163,NA,NA,"ADC","2022-02-18 10:50:40","UTC",-80.78791,28.62577,"0101000020E61000003F8C101E6D3254C063D1747632A03C40",2022,2,18,49,10.8444444444444,"Titusville","","Fusco, K., et al. 2021.","HCTSA-A69-9007-6140-21379","Kirk Fusco (kirk.fusco@floridadep.gov)","Kirk Fusco (kirk.fusco@floridadep.gov)"
"HCTS","HCTS-A69-9007-6140-2022-02-17","Limulus polyphemus","horseshoe crab","2023-10-18","HCTSA","HCTSA","487549-NE","487549",1.2,0.3,"A69-9007-6140","A69-9007","A69-9007-6140",163,NA,NA,"ADC","2022-02-18 10:55:18","UTC",-80.78791,28.62577,"0101000020E61000003F8C101E6D3254C063D1747632A03C40",2022,2,18,49,10.9216666666667,"Titusville","","Fusco, K., et al. 2021.","HCTSA-A69-9007-6140-21383","Kirk Fusco (kirk.fusco@floridadep.gov)","Kirk Fusco (kirk.fusco@floridadep.gov)"
"HCTS","HCTS-A69-9007-6140-2022-02-17","Limulus polyphemus","horseshoe crab","2023-10-18","HCTSA","HCTSA","487549-NE","487549",1.2,0.3,"A69-9007-6140","A69-9007","A69-9007-6140",163,NA,NA,"ADC","2022-02-18 11:03:29","UTC",-80.78791,28.62577,"0101000020E61000003F8C101E6D3254C063D1747632A03C40",2022,2,18,49,11.0580555555556,"Titusville","","Fusco, K., et al. 2021.","HCTSA-A69-9007-6140-21398","Kirk Fusco (kirk.fusco@floridadep.gov)","Kirk Fusco (kirk.fusco@floridadep.gov)"
"HCTS","HCTS-A69-9007-6140-2022-02-17","Limulus polyphemus","horseshoe crab","2023-10-18","HCTSA","HCTSA","487549-NE","487549",1.2,0.3,"A69-9007-6140","A69-9007","A69-9007-6140",163,NA,NA,"ADC","2022-02-18 11:07:54","UTC",-80.78791,28.62577,"0101000020E61000003F8C101E6D3254C063D1747632A03C40",2022,2,18,49,11.1316666666667,"Titusville","","Fusco, K., et al. 2021.","HCTSA-A69-9007-6140-21401","Kirk Fusco (kirk.fusco@floridadep.gov)","Kirk Fusco (kirk.fusco@floridadep.gov)"
"HCTS","HCTS-A69-9007-6140-2022-02-17","Limulus polyphemus","horseshoe crab","2023-10-18","HCTSA","HCTSA","487549-NE","487549",1.2,0.3,"A69-9007-6140","A69-9007","A69-9007-6140",164,NA,NA,"ADC","2022-02-18 11:11:48","UTC",-80.78791,28.62577,"0101000020E61000003F8C101E6D3254C063D1747632A03C40",2022,2,18,49,11.1966666666667,"Titusville","","Fusco, K., et al. 2021.","HCTSA-A69-9007-6140-21412","Kirk Fusco (kirk.fusco@floridadep.gov)","Kirk Fusco (kirk.fusco@floridadep.gov)"
"HCTS","HCTS-A69-9007-6140-2022-02-17","Limulus polyphemus","horseshoe crab","2023-10-18","HCTSA","HCTSA","487549-NE","487549",1.2,0.3,"A69-9007-6140","A69-9007","A69-9007-6140",164,NA,NA,"ADC","2022-02-18 11:16:23","UTC",-80.78791,28.62577,"0101000020E61000003F8C101E6D3254C063D1747632A03C40",2022,2,18,49,11.2730555555556,"Titusville","","Fusco, K., et al. 2021.","HCTSA-A69-9007-6140-21417","Kirk Fusco (kirk.fusco@floridadep.gov)","Kirk Fusco (kirk.fusco@floridadep.gov)"
"HCTS","HCTS-A69-9007-6140-2022-02-17","Limulus polyphemus","horseshoe crab","2023-10-18","HCTSA","HCTSA","487549-NE","487549",1.2,0.3,"A69-9007-6140","A69-9007","A69-9007-6140",165,NA,NA,"ADC","2022-02-18 11:28:18","UTC",-80.78791,28.62577,"0101000020E61000003F8C101E6D3254C063D1747632A03C40",2022,2,18,49,11.4716666666667,"Titusville","","Fusco, K., et al. 2021.","HCTSA-A69-9007-6140-21433","Kirk Fusco (kirk.fusco@floridadep.gov)","Kirk Fusco (kirk.fusco@floridadep.gov)"
"HCTS","HCTS-A69-9007-6140-2022-02-17","Limulus polyphemus","horseshoe crab","2023-10-18","HCTSA","HCTSA","487549-NE","487549",1.2,0.3,"A69-9007-6140","A69-9007","A69-9007-6140",165,NA,NA,"ADC","2022-02-18 11:33:07","UTC",-80.78791,28.62577,"0101000020E61000003F8C101E6D3254C063D1747632A03C40",2022,2,18,49,11.5519444444444,"Titusville","","Fusco, K., et al. 2021.","HCTSA-A69-9007-6140-21444","Kirk Fusco (kirk.fusco@floridadep.gov)","Kirk Fusco (kirk.fusco@floridadep.gov)"
"HCTS","HCTS-A69-9007-6140-2022-02-17","Limulus polyphemus","horseshoe crab","2023-10-18","HCTSA","HCTSA","487549-NE","487549",1.2,0.3,"A69-9007-6140","A69-9007","A69-9007-6140",165,NA,NA,"ADC","2022-02-18 11:51:10","UTC",-80.78791,28.62577,"0101000020E61000003F8C101E6D3254C063D1747632A03C40",2022,2,18,49,11.8527777777778,"Titusville","","Fusco, K., et al. 2021.","HCTSA-A69-9007-6140-21457","Kirk Fusco (kirk.fusco@floridadep.gov)","Kirk Fusco (kirk.fusco@floridadep.gov)"
"HCTS","HCTS-A69-9007-6140-2022-02-17","Limulus polyphemus","horseshoe crab","2023-10-18","HCTSA","HCTSA","487549-NE","487549",1.2,0.3,"A69-9007-6140","A69-9007","A69-9007-6140",165,NA,NA,"ADC","2022-02-18 12:17:39","UTC",-80.78791,28.62577,"0101000020E61000003F8C101E6D3254C063D1747632A03C40",2022,2,18,49,12.2941666666667,"Titusville","","Fusco, K., et al. 2021.","HCTSA-A69-9007-6140-21478","Kirk Fusco (kirk.fusco@floridadep.gov)","Kirk Fusco (kirk.fusco@floridadep.gov)"
"HCTS","HCTS-A69-9007-6140-2022-02-17","Limulus polyphemus","horseshoe crab","2023-10-18","HCTSA","HCTSA","487549-NE","487549",1.2,0.3,"A69-9007-6140","A69-9007","A69-9007-6140",165,NA,NA,"ADC","2022-02-18 12:21:06","UTC",-80.78791,28.62577,"0101000020E61000003F8C101E6D3254C063D1747632A03C40",2022,2,18,49,12.3516666666667,"Titusville","","Fusco, K., et al. 2021.","HCTSA-A69-9007-6140-21488","Kirk Fusco (kirk.fusco@floridadep.gov)","Kirk Fusco (kirk.fusco@floridadep.gov)"
"HCTS","HCTS-A69-9007-6140-2022-02-17","Limulus polyphemus","horseshoe crab","2023-10-18","HCTSA","HCTSA","487549-NE","487549",1.2,0.3,"A69-9007-6140","A69-9007","A69-9007-6140",165,NA,NA,"ADC","2022-02-18 12:24:46","UTC",-80.78791,28.62577,"0101000020E61000003F8C101E6D3254C063D1747632A03C40",2022,2,18,49,12.4127777777778,"Titusville","","Fusco, K., et al. 2021.","HCTSA-A69-9007-6140-21491","Kirk Fusco (kirk.fusco@floridadep.gov)","Kirk Fusco (kirk.fusco@floridadep.gov)"
"HCTS","HCTS-A69-9007-6140-2022-02-17","Limulus polyphemus","horseshoe crab","2023-10-18","HCTSA","HCTSA","487551-W","487551",1.2,0.3,"A69-9007-6140","A69-9007","A69-9007-6140",165,NA,NA,"ADC","2022-02-18 12:24:48","UTC",-80.79027,28.62344,"0101000020E6100000A3409FC8933254C0AB048BC3999F3C40",2022,2,18,49,12.4133333333333,"Titusville","","Fusco, K., et al. 2021.","HCTSA-A69-9007-6140-21492","Kirk Fusco (kirk.fusco@floridadep.gov)","Kirk Fusco (kirk.fusco@floridadep.gov)"
"HCTS","HCTS-A69-9007-6140-2022-02-17","Limulus polyphemus","horseshoe crab","2023-10-18","HCTSA","HCTSA","487549-NE","487549",1.2,0.3,"A69-9007-6140","A69-9007","A69-9007-6140",165,NA,NA,"ADC","2022-02-18 12:28:51","UTC",-80.78791,28.62577,"0101000020E61000003F8C101E6D3254C063D1747632A03C40",2022,2,18,49,12.4808333333333,"Titusville","","Fusco, K., et al. 2021.","HCTSA-A69-9007-6140-21497","Kirk Fusco (kirk.fusco@floridadep.gov)","Kirk Fusco (kirk.fusco@floridadep.gov)"
"HCTS","HCTS-A69-9007-6140-2022-02-17","Limulus polyphemus","horseshoe crab","2023-10-18","HCTSA","HCTSA","487549-NE","487549",1.2,0.3,"A69-9007-6140","A69-9007","A69-9007-6140",165,NA,NA,"ADC","2022-02-18 12:32:07","UTC",-80.78791,28.62577,"0101000020E61000003F8C101E6D3254C063D1747632A03C40",2022,2,18,49,12.5352777777778,"Titusville","","Fusco, K., et al. 2021.","HCTSA-A69-9007-6140-21503","Kirk Fusco (kirk.fusco@floridadep.gov)","Kirk Fusco (kirk.fusco@floridadep.gov)"
"HCTS","HCTS-A69-9007-6140-2022-02-17","Limulus polyphemus","horseshoe crab","2023-10-18","HCTSA","HCTSA","487549-NE","487549",1.2,0.3,"A69-9007-6140","A69-9007","A69-9007-6140",165,NA,NA,"ADC","2022-02-18 12:38:43","UTC",-80.78791,28.62577,"0101000020E61000003F8C101E6D3254C063D1747632A03C40",2022,2,18,49,12.6452777777778,"Titusville","","Fusco, K., et al. 2021.","HCTSA-A69-9007-6140-21509","Kirk Fusco (kirk.fusco@floridadep.gov)","Kirk Fusco (kirk.fusco@floridadep.gov)"
"HCTS","HCTS-A69-9007-6140-2022-02-17","Limulus polyphemus","horseshoe crab","2023-10-18","HCTSA","HCTSA","487549-NE","487549",1.2,0.3,"A69-9007-6140","A69-9007","A69-9007-6140",165,NA,NA,"ADC","2022-02-18 12:49:22","UTC",-80.78791,28.62577,"0101000020E61000003F8C101E6D3254C063D1747632A03C40",2022,2,18,49,12.8227777777778,"Titusville","","Fusco, K., et al. 2021.","HCTSA-A69-9007-6140-21514","Kirk Fusco (kirk.fusco@floridadep.gov)","Kirk Fusco (kirk.fusco@floridadep.gov)"
"HCTS","HCTS-A69-9007-6140-2022-02-17","Limulus polyphemus","horseshoe crab","2023-10-18","HCTSA","HCTSA","487549-NE","487549",1.2,0.3,"A69-9007-6140","A69-9007","A69-9007-6140",165,NA,NA,"ADC","2022-02-18 12:53:40","UTC",-80.78791,28.62577,"0101000020E61000003F8C101E6D3254C063D1747632A03C40",2022,2,18,49,12.8944444444444,"Titusville","","Fusco, K., et al. 2021.","HCTSA-A69-9007-6140-21516","Kirk Fusco (kirk.fusco@floridadep.gov)","Kirk Fusco (kirk.fusco@floridadep.gov)"
"HCTS","HCTS-A69-9007-6140-2022-02-17","Limulus polyphemus","horseshoe crab","2023-10-18","HCTSA","HCTSA","487549-NE","487549",1.2,0.3,"A69-9007-6140","A69-9007","A69-9007-6140",165,NA,NA,"ADC","2022-02-18 12:57:22","UTC",-80.78791,28.62577,"0101000020E61000003F8C101E6D3254C063D1747632A03C40",2022,2,18,49,12.9561111111111,"Titusville","","Fusco, K., et al. 2021.","HCTSA-A69-9007-6140-21519","Kirk Fusco (kirk.fusco@floridadep.gov)","Kirk Fusco (kirk.fusco@floridadep.gov)"
"HCTS","HCTS-A69-9007-6140-2022-02-17","Limulus polyphemus","horseshoe crab","2023-10-18","HCTSA","HCTSA","487549-NE","487549",1.2,0.3,"A69-9007-6140","A69-9007","A69-9007-6140",165,NA,NA,"ADC","2022-02-18 13:01:31","UTC",-80.78791,28.62577,"0101000020E61000003F8C101E6D3254C063D1747632A03C40",2022,2,18,49,13.0252777777778,"Titusville","","Fusco, K., et al. 2021.","HCTSA-A69-9007-6140-21521","Kirk Fusco (kirk.fusco@floridadep.gov)","Kirk Fusco (kirk.fusco@floridadep.gov)"
"HCTS","HCTS-A69-9007-6140-2022-02-17","Limulus polyphemus","horseshoe crab","2023-10-18","HCTSA","HCTSA","487549-NE","487549",1.2,0.3,"A69-9007-6140","A69-9007","A69-9007-6140",167,NA,NA,"ADC","2022-02-18 13:20:46","UTC",-80.78791,28.62577,"0101000020E61000003F8C101E6D3254C063D1747632A03C40",2022,2,18,49,13.3461111111111,"Titusville","","Fusco, K., et al. 2021.","HCTSA-A69-9007-6140-21531","Kirk Fusco (kirk.fusco@floridadep.gov)","Kirk Fusco (kirk.fusco@floridadep.gov)"
"HCTS","HCTS-A69-9007-6140-2022-02-17","Limulus polyphemus","horseshoe crab","2023-10-18","HCTSA","HCTSA","487549-NE","487549",1.2,0.3,"A69-9007-6140","A69-9007","A69-9007-6140",167,NA,NA,"ADC","2022-02-18 13:25:32","UTC",-80.78791,28.62577,"0101000020E61000003F8C101E6D3254C063D1747632A03C40",2022,2,18,49,13.4255555555556,"Titusville","","Fusco, K., et al. 2021.","HCTSA-A69-9007-6140-21535","Kirk Fusco (kirk.fusco@floridadep.gov)","Kirk Fusco (kirk.fusco@floridadep.gov)"
"HCTS","HCTS-A69-9007-6140-2022-02-17","Limulus polyphemus","horseshoe crab","2023-10-18","HCTSA","HCTSA","487549-NE","487549",1.2,0.3,"A69-9007-6140","A69-9007","A69-9007-6140",166,NA,NA,"ADC","2022-02-18 13:42:36","UTC",-80.78791,28.62577,"0101000020E61000003F8C101E6D3254C063D1747632A03C40",2022,2,18,49,13.71,"Titusville","","Fusco, K., et al. 2021.","HCTSA-A69-9007-6140-21543","Kirk Fusco (kirk.fusco@floridadep.gov)","Kirk Fusco (kirk.fusco@floridadep.gov)"
"HCTS","HCTS-A69-9007-6140-2022-02-17","Limulus polyphemus","horseshoe crab","2023-10-18","HCTSA","HCTSA","487549-NE","487549",1.2,0.3,"A69-9007-6140","A69-9007","A69-9007-6140",166,NA,NA,"ADC","2022-02-18 13:46:20","UTC",-80.78791,28.62577,"0101000020E61000003F8C101E6D3254C063D1747632A03C40",2022,2,18,49,13.7722222222222,"Titusville","","Fusco, K., et al. 2021.","HCTSA-A69-9007-6140-21546","Kirk Fusco (kirk.fusco@floridadep.gov)","Kirk Fusco (kirk.fusco@floridadep.gov)"
"HCTS","HCTS-A69-9007-6140-2022-02-17","Limulus polyphemus","horseshoe crab","2023-10-18","HCTSA","HCTSA","487549-NE","487549",1.2,0.3,"A69-9007-6140","A69-9007","A69-9007-6140",167,NA,NA,"ADC","2022-02-18 13:57:50","UTC",-80.78791,28.62577,"0101000020E61000003F8C101E6D3254C063D1747632A03C40",2022,2,18,49,13.9638888888889,"Titusville","","Fusco, K., et al. 2021.","HCTSA-A69-9007-6140-21552","Kirk Fusco (kirk.fusco@floridadep.gov)","Kirk Fusco (kirk.fusco@floridadep.gov)"
"HCTS","HCTS-A69-9007-6140-2022-02-17","Limulus polyphemus","horseshoe crab","2023-10-18","HCTSA","HCTSA","487549-NE","487549",1.2,0.3,"A69-9007-6140","A69-9007","A69-9007-6140",166,NA,NA,"ADC","2022-02-18 14:02:12","UTC",-80.78791,28.62577,"0101000020E61000003F8C101E6D3254C063D1747632A03C40",2022,2,18,49,14.0366666666667,"Titusville","","Fusco, K., et al. 2021.","HCTSA-A69-9007-6140-21555","Kirk Fusco (kirk.fusco@floridadep.gov)","Kirk Fusco (kirk.fusco@floridadep.gov)"
"HCTS","HCTS-A69-9007-6140-2022-02-17","Limulus polyphemus","horseshoe crab","2023-10-18","HCTSA","HCTSA","487549-NE","487549",1.2,0.3,"A69-9007-6140","A69-9007","A69-9007-6140",167,NA,NA,"ADC","2022-02-18 14:18:25","UTC",-80.78791,28.62577,"0101000020E61000003F8C101E6D3254C063D1747632A03C40",2022,2,18,49,14.3069444444444,"Titusville","","Fusco, K., et al. 2021.","HCTSA-A69-9007-6140-21563","Kirk Fusco (kirk.fusco@floridadep.gov)","Kirk Fusco (kirk.fusco@floridadep.gov)"
"HCTS","HCTS-A69-9007-6140-2022-02-17","Limulus polyphemus","horseshoe crab","2023-10-18","HCTSA","HCTSA","487549-NE","487549",1.2,0.3,"A69-9007-6140","A69-9007","A69-9007-6140",167,NA,NA,"ADC","2022-02-18 14:26:27","UTC",-80.78791,28.62577,"0101000020E61000003F8C101E6D3254C063D1747632A03C40",2022,2,18,49,14.4408333333333,"Titusville","","Fusco, K., et al. 2021.","HCTSA-A69-9007-6140-21570","Kirk Fusco (kirk.fusco@floridadep.gov)","Kirk Fusco (kirk.fusco@floridadep.gov)"
"HCTS","HCTS-A69-9007-6140-2022-02-17","Limulus polyphemus","horseshoe crab","2023-10-18","HCTSA","HCTSA","487549-NE","487549",1.2,0.3,"A69-9007-6140","A69-9007","A69-9007-6140",167,NA,NA,"ADC","2022-02-18 14:30:06","UTC",-80.78791,28.62577,"0101000020E61000003F8C101E6D3254C063D1747632A03C40",2022,2,18,49,14.5016666666667,"Titusville","","Fusco, K., et al. 2021.","HCTSA-A69-9007-6140-21577","Kirk Fusco (kirk.fusco@floridadep.gov)","Kirk Fusco (kirk.fusco@floridadep.gov)"
"HCTS","HCTS-A69-9007-6140-2022-02-17","Limulus polyphemus","horseshoe crab","2023-10-18","HCTSA","HCTSA","487549-NE","487549",1.2,0.3,"A69-9007-6140","A69-9007","A69-9007-6140",167,NA,NA,"ADC","2022-02-18 14:34:10","UTC",-80.78791,28.62577,"0101000020E61000003F8C101E6D3254C063D1747632A03C40",2022,2,18,49,14.5694444444444,"Titusville","","Fusco, K., et al. 2021.","HCTSA-A69-9007-6140-21579","Kirk Fusco (kirk.fusco@floridadep.gov)","Kirk Fusco (kirk.fusco@floridadep.gov)"
"HCTS","HCTS-A69-9007-6140-2022-02-17","Limulus polyphemus","horseshoe crab","2023-10-18","HCTSA","HCTSA","487549-NE","487549",1.2,0.3,"A69-9007-6140","A69-9007","A69-9007-6140",167,NA,NA,"ADC","2022-02-18 14:43:56","UTC",-80.78791,28.62577,"0101000020E61000003F8C101E6D3254C063D1747632A03C40",2022,2,18,49,14.7322222222222,"Titusville","","Fusco, K., et al. 2021.","HCTSA-A69-9007-6140-21588","Kirk Fusco (kirk.fusco@floridadep.gov)","Kirk Fusco (kirk.fusco@floridadep.gov)"
"HCTS","HCTS-A69-9007-6140-2022-02-17","Limulus polyphemus","horseshoe crab","2023-10-18","HCTSA","HCTSA","487549-NE","487549",1.2,0.3,"A69-9007-6140","A69-9007","A69-9007-6140",168,NA,NA,"ADC","2022-02-18 14:58:26","UTC",-80.78791,28.62577,"0101000020E61000003F8C101E6D3254C063D1747632A03C40",2022,2,18,49,14.9738888888889,"Titusville","","Fusco, K., et al. 2021.","HCTSA-A69-9007-6140-21602","Kirk Fusco (kirk.fusco@floridadep.gov)","Kirk Fusco (kirk.fusco@floridadep.gov)"
"HCTS","HCTS-A69-9007-6140-2022-02-17","Limulus polyphemus","horseshoe crab","2023-10-18","HCTSA","HCTSA","487549-NE","487549",1.2,0.3,"A69-9007-6140","A69-9007","A69-9007-6140",167,NA,NA,"ADC","2022-02-18 15:03:04","UTC",-80.78791,28.62577,"0101000020E61000003F8C101E6D3254C063D1747632A03C40",2022,2,18,49,15.0511111111111,"Titusville","","Fusco, K., et al. 2021.","HCTSA-A69-9007-6140-21607","Kirk Fusco (kirk.fusco@floridadep.gov)","Kirk Fusco (kirk.fusco@floridadep.gov)"
"HCTS","HCTS-A69-9007-6140-2022-02-17","Limulus polyphemus","horseshoe crab","2023-10-18","HCTSA","HCTSA","487549-NE","487549",1.2,0.3,"A69-9007-6140","A69-9007","A69-9007-6140",168,NA,NA,"ADC","2022-02-18 15:15:39","UTC",-80.78791,28.62577,"0101000020E61000003F8C101E6D3254C063D1747632A03C40",2022,2,18,49,15.2608333333333,"Titusville","","Fusco, K., et al. 2021.","HCTSA-A69-9007-6140-21615","Kirk Fusco (kirk.fusco@floridadep.gov)","Kirk Fusco (kirk.fusco@floridadep.gov)"
"HCTS","HCTS-A69-9007-6140-2022-02-17","Limulus polyphemus","horseshoe crab","2023-10-18","HCTSA","HCTSA","487549-NE","487549",1.2,0.3,"A69-9007-6140","A69-9007","A69-9007-6140",168,NA,NA,"ADC","2022-02-18 15:28:16","UTC",-80.78791,28.62577,"0101000020E61000003F8C101E6D3254C063D1747632A03C40",2022,2,18,49,15.4711111111111,"Titusville","","Fusco, K., et al. 2021.","HCTSA-A69-9007-6140-21627","Kirk Fusco (kirk.fusco@floridadep.gov)","Kirk Fusco (kirk.fusco@floridadep.gov)"
"HCTS","HCTS-A69-9007-6140-2022-02-17","Limulus polyphemus","horseshoe crab","2023-10-18","HCTSA","HCTSA","487549-NE","487549",1.2,0.3,"A69-9007-6140","A69-9007","A69-9007-6140",169,NA,NA,"ADC","2022-02-18 15:35:21","UTC",-80.78791,28.62577,"0101000020E61000003F8C101E6D3254C063D1747632A03C40",2022,2,18,49,15.5891666666667,"Titusville","","Fusco, K., et al. 2021.","HCTSA-A69-9007-6140-21633","Kirk Fusco (kirk.fusco@floridadep.gov)","Kirk Fusco (kirk.fusco@floridadep.gov)"
"HCTS","HCTS-A69-9007-6140-2022-02-17","Limulus polyphemus","horseshoe crab","2023-10-18","HCTSA","HCTSA","487549-NE","487549",1.2,0.3,"A69-9007-6140","A69-9007","A69-9007-6140",169,NA,NA,"ADC","2022-02-18 15:39:24","UTC",-80.78791,28.62577,"0101000020E61000003F8C101E6D3254C063D1747632A03C40",2022,2,18,49,15.6566666666667,"Titusville","","Fusco, K., et al. 2021.","HCTSA-A69-9007-6140-21641","Kirk Fusco (kirk.fusco@floridadep.gov)","Kirk Fusco (kirk.fusco@floridadep.gov)"
"HCTS","HCTS-A69-9007-6140-2022-02-17","Limulus polyphemus","horseshoe crab","2023-10-18","HCTSA","HCTSA","487549-NE","487549",1.2,0.3,"A69-9007-6140","A69-9007","A69-9007-6140",169,NA,NA,"ADC","2022-02-18 15:44:14","UTC",-80.78791,28.62577,"0101000020E61000003F8C101E6D3254C063D1747632A03C40",2022,2,18,49,15.7372222222222,"Titusville","","Fusco, K., et al. 2021.","HCTSA-A69-9007-6140-21644","Kirk Fusco (kirk.fusco@floridadep.gov)","Kirk Fusco (kirk.fusco@floridadep.gov)"
"HCTS","HCTS-A69-9007-6140-2022-02-17","Limulus polyphemus","horseshoe crab","2023-10-18","HCTSA","HCTSA","487549-NE","487549",1.2,0.3,"A69-9007-6140","A69-9007","A69-9007-6140",169,NA,NA,"ADC","2022-02-18 15:49:00","UTC",-80.78791,28.62577,"0101000020E61000003F8C101E6D3254C063D1747632A03C40",2022,2,18,49,15.8166666666667,"Titusville","","Fusco, K., et al. 2021.","HCTSA-A69-9007-6140-21648","Kirk Fusco (kirk.fusco@floridadep.gov)","Kirk Fusco (kirk.fusco@floridadep.gov)"
"HCTS","HCTS-A69-9007-6140-2022-02-17","Limulus polyphemus","horseshoe crab","2023-10-18","HCTSA","HCTSA","487549-NE","487549",1.2,0.3,"A69-9007-6140","A69-9007","A69-9007-6140",169,NA,NA,"ADC","2022-02-18 15:57:55","UTC",-80.78791,28.62577,"0101000020E61000003F8C101E6D3254C063D1747632A03C40",2022,2,18,49,15.9652777777778,"Titusville","","Fusco, K., et al. 2021.","HCTSA-A69-9007-6140-21653","Kirk Fusco (kirk.fusco@floridadep.gov)","Kirk Fusco (kirk.fusco@floridadep.gov)"
"HCTS","HCTS-A69-9007-6140-2022-02-17","Limulus polyphemus","horseshoe crab","2023-10-18","HCTSA","HCTSA","487551-W","487551",1.2,0.3,"A69-9007-6140","A69-9007","A69-9007-6140",169,NA,NA,"ADC","2022-02-18 15:57:56","UTC",-80.79027,28.62344,"0101000020E6100000A3409FC8933254C0AB048BC3999F3C40",2022,2,18,49,15.9655555555556,"Titusville","","Fusco, K., et al. 2021.","HCTSA-A69-9007-6140-21654","Kirk Fusco (kirk.fusco@floridadep.gov)","Kirk Fusco (kirk.fusco@floridadep.gov)"
"HCTS","HCTS-A69-9007-6140-2022-02-17","Limulus polyphemus","horseshoe crab","2023-10-18","HCTSA","HCTSA","487549-NE","487549",1.2,0.3,"A69-9007-6140","A69-9007","A69-9007-6140",169,NA,NA,"ADC","2022-02-18 16:01:37","UTC",-80.78791,28.62577,"0101000020E61000003F8C101E6D3254C063D1747632A03C40",2022,2,18,49,16.0269444444444,"Titusville","","Fusco, K., et al. 2021.","HCTSA-A69-9007-6140-21658","Kirk Fusco (kirk.fusco@floridadep.gov)","Kirk Fusco (kirk.fusco@floridadep.gov)"
"HCTS","HCTS-A69-9007-6140-2022-02-17","Limulus polyphemus","horseshoe crab","2023-10-18","HCTSA","HCTSA","487551-W","487551",1.2,0.3,"A69-9007-6140","A69-9007","A69-9007-6140",169,NA,NA,"ADC","2022-02-18 16:01:38","UTC",-80.79027,28.62344,"0101000020E6100000A3409FC8933254C0AB048BC3999F3C40",2022,2,18,49,16.0272222222222,"Titusville","","Fusco, K., et al. 2021.","HCTSA-A69-9007-6140-21659","Kirk Fusco (kirk.fusco@floridadep.gov)","Kirk Fusco (kirk.fusco@floridadep.gov)"
"HCTS","HCTS-A69-9007-6140-2022-02-17","Limulus polyphemus","horseshoe crab","2023-10-18","HCTSA","HCTSA","487549-NE","487549",1.2,0.3,"A69-9007-6140","A69-9007","A69-9007-6140",171,NA,NA,"ADC","2022-02-18 16:05:46","UTC",-80.78791,28.62577,"0101000020E61000003F8C101E6D3254C063D1747632A03C40",2022,2,18,49,16.0961111111111,"Titusville","","Fusco, K., et al. 2021.","HCTSA-A69-9007-6140-21667","Kirk Fusco (kirk.fusco@floridadep.gov)","Kirk Fusco (kirk.fusco@floridadep.gov)"
"HCTS","HCTS-A69-9007-6140-2022-02-17","Limulus polyphemus","horseshoe crab","2023-10-18","HCTSA","HCTSA","487549-NE","487549",1.2,0.3,"A69-9007-6140","A69-9007","A69-9007-6140",171,NA,NA,"ADC","2022-02-18 16:09:11","UTC",-80.78791,28.62577,"0101000020E61000003F8C101E6D3254C063D1747632A03C40",2022,2,18,49,16.1530555555556,"Titusville","","Fusco, K., et al. 2021.","HCTSA-A69-9007-6140-21669","Kirk Fusco (kirk.fusco@floridadep.gov)","Kirk Fusco (kirk.fusco@floridadep.gov)"
"HCTS","HCTS-A69-9007-6140-2022-02-17","Limulus polyphemus","horseshoe crab","2023-10-18","HCTSA","HCTSA","487549-NE","487549",1.2,0.3,"A69-9007-6140","A69-9007","A69-9007-6140",171,NA,NA,"ADC","2022-02-18 16:12:46","UTC",-80.78791,28.62577,"0101000020E61000003F8C101E6D3254C063D1747632A03C40",2022,2,18,49,16.2127777777778,"Titusville","","Fusco, K., et al. 2021.","HCTSA-A69-9007-6140-21675","Kirk Fusco (kirk.fusco@floridadep.gov)","Kirk Fusco (kirk.fusco@floridadep.gov)"
"HCTS","HCTS-A69-9007-6140-2022-02-17","Limulus polyphemus","horseshoe crab","2023-10-18","HCTSA","HCTSA","487549-NE","487549",1.2,0.3,"A69-9007-6140","A69-9007","A69-9007-6140",171,NA,NA,"ADC","2022-02-18 16:16:41","UTC",-80.78791,28.62577,"0101000020E61000003F8C101E6D3254C063D1747632A03C40",2022,2,18,49,16.2780555555556,"Titusville","","Fusco, K., et al. 2021.","HCTSA-A69-9007-6140-21679","Kirk Fusco (kirk.fusco@floridadep.gov)","Kirk Fusco (kirk.fusco@floridadep.gov)"
"HCTS","HCTS-A69-9007-6140-2022-02-17","Limulus polyphemus","horseshoe crab","2023-10-18","HCTSA","HCTSA","487549-NE","487549",1.2,0.3,"A69-9007-6140","A69-9007","A69-9007-6140",170,NA,NA,"ADC","2022-02-18 16:21:16","UTC",-80.78791,28.62577,"0101000020E61000003F8C101E6D3254C063D1747632A03C40",2022,2,18,49,16.3544444444444,"Titusville","","Fusco, K., et al. 2021.","HCTSA-A69-9007-6140-21684","Kirk Fusco (kirk.fusco@floridadep.gov)","Kirk Fusco (kirk.fusco@floridadep.gov)"
"HCTS","HCTS-A69-9007-6140-2022-02-17","Limulus polyphemus","horseshoe crab","2023-10-18","HCTSA","HCTSA","487549-NE","487549",1.2,0.3,"A69-9007-6140","A69-9007","A69-9007-6140",169,NA,NA,"ADC","2022-02-18 16:29:14","UTC",-80.78791,28.62577,"0101000020E61000003F8C101E6D3254C063D1747632A03C40",2022,2,18,49,16.4872222222222,"Titusville","","Fusco, K., et al. 2021.","HCTSA-A69-9007-6140-21691","Kirk Fusco (kirk.fusco@floridadep.gov)","Kirk Fusco (kirk.fusco@floridadep.gov)"
"HCTS","HCTS-A69-9007-6140-2022-02-17","Limulus polyphemus","horseshoe crab","2023-10-18","HCTSA","HCTSA","487549-NE","487549",1.2,0.3,"A69-9007-6140","A69-9007","A69-9007-6140",169,NA,NA,"ADC","2022-02-18 16:33:20","UTC",-80.78791,28.62577,"0101000020E61000003F8C101E6D3254C063D1747632A03C40",2022,2,18,49,16.5555555555556,"Titusville","","Fusco, K., et al. 2021.","HCTSA-A69-9007-6140-21696","Kirk Fusco (kirk.fusco@floridadep.gov)","Kirk Fusco (kirk.fusco@floridadep.gov)"
"HCTS","HCTS-A69-9007-6140-2022-02-17","Limulus polyphemus","horseshoe crab","2023-10-18","HCTSA","HCTSA","487551-W","487551",1.2,0.3,"A69-9007-6140","A69-9007","A69-9007-6140",169,NA,NA,"ADC","2022-02-18 16:36:40","UTC",-80.79027,28.62344,"0101000020E6100000A3409FC8933254C0AB048BC3999F3C40",2022,2,18,49,16.6111111111111,"Titusville","","Fusco, K., et al. 2021.","HCTSA-A69-9007-6140-21702","Kirk Fusco (kirk.fusco@floridadep.gov)","Kirk Fusco (kirk.fusco@floridadep.gov)"
"HCTS","HCTS-A69-9007-6140-2022-02-17","Limulus polyphemus","horseshoe crab","2023-10-18","HCTSA","HCTSA","487549-NE","487549",1.2,0.3,"A69-9007-6140","A69-9007","A69-9007-6140",169,NA,NA,"ADC","2022-02-18 16:39:59","UTC",-80.78791,28.62577,"0101000020E61000003F8C101E6D3254C063D1747632A03C40",2022,2,18,49,16.6663888888889,"Titusville","","Fusco, K., et al. 2021.","HCTSA-A69-9007-6140-21704","Kirk Fusco (kirk.fusco@floridadep.gov)","Kirk Fusco (kirk.fusco@floridadep.gov)"
"HCTS","HCTS-A69-9007-6140-2022-02-17","Limulus polyphemus","horseshoe crab","2023-10-18","HCTSA","HCTSA","487551-W","487551",1.2,0.3,"A69-9007-6140","A69-9007","A69-9007-6140",169,NA,NA,"ADC","2022-02-18 16:40:00","UTC",-80.79027,28.62344,"0101000020E6100000A3409FC8933254C0AB048BC3999F3C40",2022,2,18,49,16.6666666666667,"Titusville","","Fusco, K., et al. 2021.","HCTSA-A69-9007-6140-21705","Kirk Fusco (kirk.fusco@floridadep.gov)","Kirk Fusco (kirk.fusco@floridadep.gov)"
"HCTS","HCTS-A69-9007-6140-2022-02-17","Limulus polyphemus","horseshoe crab","2023-10-18","HCTSA","HCTSA","487549-NE","487549",1.2,0.3,"A69-9007-6140","A69-9007","A69-9007-6140",169,NA,NA,"ADC","2022-02-18 16:43:26","UTC",-80.78791,28.62577,"0101000020E61000003F8C101E6D3254C063D1747632A03C40",2022,2,18,49,16.7238888888889,"Titusville","","Fusco, K., et al. 2021.","HCTSA-A69-9007-6140-21713","Kirk Fusco (kirk.fusco@floridadep.gov)","Kirk Fusco (kirk.fusco@floridadep.gov)"
"HCTS","HCTS-A69-9007-6140-2022-02-17","Limulus polyphemus","horseshoe crab","2023-10-18","HCTSA","HCTSA","487549-NE","487549",1.2,0.3,"A69-9007-6140","A69-9007","A69-9007-6140",171,NA,NA,"ADC","2022-02-18 16:47:04","UTC",-80.78791,28.62577,"0101000020E61000003F8C101E6D3254C063D1747632A03C40",2022,2,18,49,16.7844444444444,"Titusville","","Fusco, K., et al. 2021.","HCTSA-A69-9007-6140-21715","Kirk Fusco (kirk.fusco@floridadep.gov)","Kirk Fusco (kirk.fusco@floridadep.gov)"
"HCTS","HCTS-A69-9007-6140-2022-02-17","Limulus polyphemus","horseshoe crab","2023-10-18","HCTSA","HCTSA","487551-W","487551",1.2,0.3,"A69-9007-6140","A69-9007","A69-9007-6140",171,NA,NA,"ADC","2022-02-18 16:47:05","UTC",-80.79027,28.62344,"0101000020E6100000A3409FC8933254C0AB048BC3999F3C40",2022,2,18,49,16.7847222222222,"Titusville","","Fusco, K., et al. 2021.","HCTSA-A69-9007-6140-21716","Kirk Fusco (kirk.fusco@floridadep.gov)","Kirk Fusco (kirk.fusco@floridadep.gov)"
"HCTS","HCTS-A69-9007-6140-2022-02-17","Limulus polyphemus","horseshoe crab","2023-10-18","HCTSA","HCTSA","487549-NE","487549",1.2,0.3,"A69-9007-6140","A69-9007","A69-9007-6140",173,NA,NA,"ADC","2022-02-18 16:51:05","UTC",-80.78791,28.62577,"0101000020E61000003F8C101E6D3254C063D1747632A03C40",2022,2,18,49,16.8513888888889,"Titusville","","Fusco, K., et al. 2021.","HCTSA-A69-9007-6140-21718","Kirk Fusco (kirk.fusco@floridadep.gov)","Kirk Fusco (kirk.fusco@floridadep.gov)"
"HCTS","HCTS-A69-9007-6140-2022-02-17","Limulus polyphemus","horseshoe crab","2023-10-18","HCTSA","HCTSA","487551-W","487551",1.2,0.3,"A69-9007-6140","A69-9007","A69-9007-6140",173,NA,NA,"ADC","2022-02-18 16:51:06","UTC",-80.79027,28.62344,"0101000020E6100000A3409FC8933254C0AB048BC3999F3C40",2022,2,18,49,16.8516666666667,"Titusville","","Fusco, K., et al. 2021.","HCTSA-A69-9007-6140-21719","Kirk Fusco (kirk.fusco@floridadep.gov)","Kirk Fusco (kirk.fusco@floridadep.gov)"
"HCTS","HCTS-A69-9007-6140-2022-02-17","Limulus polyphemus","horseshoe crab","2023-10-18","HCTSA","HCTSA","487549-NE","487549",1.2,0.3,"A69-9007-6140","A69-9007","A69-9007-6140",174,NA,NA,"ADC","2022-02-18 16:55:53","UTC",-80.78791,28.62577,"0101000020E61000003F8C101E6D3254C063D1747632A03C40",2022,2,18,49,16.9313888888889,"Titusville","","Fusco, K., et al. 2021.","HCTSA-A69-9007-6140-21726","Kirk Fusco (kirk.fusco@floridadep.gov)","Kirk Fusco (kirk.fusco@floridadep.gov)"
"HCTS","HCTS-A69-9007-6140-2022-02-17","Limulus polyphemus","horseshoe crab","2023-10-18","HCTSA","HCTSA","487549-NE","487549",1.2,0.3,"A69-9007-6140","A69-9007","A69-9007-6140",171,NA,NA,"ADC","2022-02-18 17:00:35","UTC",-80.78791,28.62577,"0101000020E61000003F8C101E6D3254C063D1747632A03C40",2022,2,18,49,17.0097222222222,"Titusville","","Fusco, K., et al. 2021.","HCTSA-A69-9007-6140-21729","Kirk Fusco (kirk.fusco@floridadep.gov)","Kirk Fusco (kirk.fusco@floridadep.gov)"
"HCTS","HCTS-A69-9007-6140-2022-02-17","Limulus polyphemus","horseshoe crab","2023-10-18","HCTSA","HCTSA","487551-W","487551",1.2,0.3,"A69-9007-6140","A69-9007","A69-9007-6140",171,NA,NA,"ADC","2022-02-18 17:00:37","UTC",-80.79027,28.62344,"0101000020E6100000A3409FC8933254C0AB048BC3999F3C40",2022,2,18,49,17.0102777777778,"Titusville","","Fusco, K., et al. 2021.","HCTSA-A69-9007-6140-21730","Kirk Fusco (kirk.fusco@floridadep.gov)","Kirk Fusco (kirk.fusco@floridadep.gov)"
"HCTS","HCTS-A69-9007-6140-2022-02-17","Limulus polyphemus","horseshoe crab","2023-10-18","HCTSA","HCTSA","487549-NE","487549",1.2,0.3,"A69-9007-6140","A69-9007","A69-9007-6140",170,NA,NA,"ADC","2022-02-18 17:05:06","UTC",-80.78791,28.62577,"0101000020E61000003F8C101E6D3254C063D1747632A03C40",2022,2,18,49,17.085,"Titusville","","Fusco, K., et al. 2021.","HCTSA-A69-9007-6140-21735","Kirk Fusco (kirk.fusco@floridadep.gov)","Kirk Fusco (kirk.fusco@floridadep.gov)"
"HCTS","HCTS-A69-9007-6140-2022-02-17","Limulus polyphemus","horseshoe crab","2023-10-18","HCTSA","HCTSA","487549-NE","487549",1.2,0.3,"A69-9007-6140","A69-9007","A69-9007-6140",170,NA,NA,"ADC","2022-02-18 17:09:14","UTC",-80.78791,28.62577,"0101000020E61000003F8C101E6D3254C063D1747632A03C40",2022,2,18,49,17.1538888888889,"Titusville","","Fusco, K., et al. 2021.","HCTSA-A69-9007-6140-21738","Kirk Fusco (kirk.fusco@floridadep.gov)","Kirk Fusco (kirk.fusco@floridadep.gov)"
"HCTS","HCTS-A69-9007-6140-2022-02-17","Limulus polyphemus","horseshoe crab","2023-10-18","HCTSA","HCTSA","487549-NE","487549",1.2,0.3,"A69-9007-6140","A69-9007","A69-9007-6140",170,NA,NA,"ADC","2022-02-18 17:16:00","UTC",-80.78791,28.62577,"0101000020E61000003F8C101E6D3254C063D1747632A03C40",2022,2,18,49,17.2666666666667,"Titusville","","Fusco, K., et al. 2021.","HCTSA-A69-9007-6140-21742","Kirk Fusco (kirk.fusco@floridadep.gov)","Kirk Fusco (kirk.fusco@floridadep.gov)"
"HCTS","HCTS-A69-9007-6140-2022-02-17","Limulus polyphemus","horseshoe crab","2023-10-18","HCTSA","HCTSA","487549-NE","487549",1.2,0.3,"A69-9007-6140","A69-9007","A69-9007-6140",170,NA,NA,"ADC","2022-02-18 17:19:37","UTC",-80.78791,28.62577,"0101000020E61000003F8C101E6D3254C063D1747632A03C40",2022,2,18,49,17.3269444444444,"Titusville","","Fusco, K., et al. 2021.","HCTSA-A69-9007-6140-21744","Kirk Fusco (kirk.fusco@floridadep.gov)","Kirk Fusco (kirk.fusco@floridadep.gov)"
"HCTS","HCTS-A69-9007-6140-2022-02-17","Limulus polyphemus","horseshoe crab","2023-10-18","HCTSA","HCTSA","487549-NE","487549",1.2,0.3,"A69-9007-6140","A69-9007","A69-9007-6140",169,NA,NA,"ADC","2022-02-18 17:23:37","UTC",-80.78791,28.62577,"0101000020E61000003F8C101E6D3254C063D1747632A03C40",2022,2,18,49,17.3936111111111,"Titusville","","Fusco, K., et al. 2021.","HCTSA-A69-9007-6140-21749","Kirk Fusco (kirk.fusco@floridadep.gov)","Kirk Fusco (kirk.fusco@floridadep.gov)"
"HCTS","HCTS-A69-9007-6140-2022-02-17","Limulus polyphemus","horseshoe crab","2023-10-18","HCTSA","HCTSA","487551-W","487551",1.2,0.3,"A69-9007-6140","A69-9007","A69-9007-6140",171,NA,NA,"ADC","2022-02-18 17:28:24","UTC",-80.79027,28.62344,"0101000020E6100000A3409FC8933254C0AB048BC3999F3C40",2022,2,18,49,17.4733333333333,"Titusville","","Fusco, K., et al. 2021.","HCTSA-A69-9007-6140-21751","Kirk Fusco (kirk.fusco@floridadep.gov)","Kirk Fusco (kirk.fusco@floridadep.gov)"
"HCTS","HCTS-A69-9007-6140-2022-02-17","Limulus polyphemus","horseshoe crab","2023-10-18","HCTSA","HCTSA","487549-NE","487549",1.2,0.3,"A69-9007-6140","A69-9007","A69-9007-6140",171,NA,NA,"ADC","2022-02-18 17:37:15","UTC",-80.78791,28.62577,"0101000020E61000003F8C101E6D3254C063D1747632A03C40",2022,2,18,49,17.6208333333333,"Titusville","","Fusco, K., et al. 2021.","HCTSA-A69-9007-6140-21758","Kirk Fusco (kirk.fusco@floridadep.gov)","Kirk Fusco (kirk.fusco@floridadep.gov)"
"HCTS","HCTS-A69-9007-6140-2022-02-17","Limulus polyphemus","horseshoe crab","2023-10-18","HCTSA","HCTSA","487551-W","487551",1.2,0.3,"A69-9007-6140","A69-9007","A69-9007-6140",170,NA,NA,"ADC","2022-02-18 17:45:01","UTC",-80.79027,28.62344,"0101000020E6100000A3409FC8933254C0AB048BC3999F3C40",2022,2,18,49,17.7502777777778,"Titusville","","Fusco, K., et al. 2021.","HCTSA-A69-9007-6140-21765","Kirk Fusco (kirk.fusco@floridadep.gov)","Kirk Fusco (kirk.fusco@floridadep.gov)"
"HCTS","HCTS-A69-9007-6140-2022-02-17","Limulus polyphemus","horseshoe crab","2023-10-18","HCTSA","HCTSA","487549-NE","487549",1.2,0.3,"A69-9007-6140","A69-9007","A69-9007-6140",170,NA,NA,"ADC","2022-02-18 17:48:15","UTC",-80.78791,28.62577,"0101000020E61000003F8C101E6D3254C063D1747632A03C40",2022,2,18,49,17.8041666666667,"Titusville","","Fusco, K., et al. 2021.","HCTSA-A69-9007-6140-21767","Kirk Fusco (kirk.fusco@floridadep.gov)","Kirk Fusco (kirk.fusco@floridadep.gov)"
"HCTS","HCTS-A69-9007-6140-2022-02-17","Limulus polyphemus","horseshoe crab","2023-10-18","HCTSA","HCTSA","487551-W","487551",1.2,0.3,"A69-9007-6140","A69-9007","A69-9007-6140",170,NA,NA,"ADC","2022-02-18 17:51:33","UTC",-80.79027,28.62344,"0101000020E6100000A3409FC8933254C0AB048BC3999F3C40",2022,2,18,49,17.8591666666667,"Titusville","","Fusco, K., et al. 2021.","HCTSA-A69-9007-6140-21769","Kirk Fusco (kirk.fusco@floridadep.gov)","Kirk Fusco (kirk.fusco@floridadep.gov)"
"HCTS","HCTS-A69-9007-6140-2022-02-17","Limulus polyphemus","horseshoe crab","2023-10-18","HCTSA","HCTSA","487551-W","487551",1.2,0.3,"A69-9007-6140","A69-9007","A69-9007-6140",171,NA,NA,"ADC","2022-02-18 17:54:52","UTC",-80.79027,28.62344,"0101000020E6100000A3409FC8933254C0AB048BC3999F3C40",2022,2,18,49,17.9144444444444,"Titusville","","Fusco, K., et al. 2021.","HCTSA-A69-9007-6140-21773","Kirk Fusco (kirk.fusco@floridadep.gov)","Kirk Fusco (kirk.fusco@floridadep.gov)"
"HCTS","HCTS-A69-9007-6140-2022-02-17","Limulus polyphemus","horseshoe crab","2023-10-18","HCTSA","HCTSA","487549-NE","487549",1.2,0.3,"A69-9007-6140","A69-9007","A69-9007-6140",171,NA,NA,"ADC","2022-02-18 17:58:14","UTC",-80.78791,28.62577,"0101000020E61000003F8C101E6D3254C063D1747632A03C40",2022,2,18,49,17.9705555555556,"Titusville","","Fusco, K., et al. 2021.","HCTSA-A69-9007-6140-21776","Kirk Fusco (kirk.fusco@floridadep.gov)","Kirk Fusco (kirk.fusco@floridadep.gov)"
"HCTS","HCTS-A69-9007-6140-2022-02-17","Limulus polyphemus","horseshoe crab","2023-10-18","HCTSA","HCTSA","487551-W","487551",1.2,0.3,"A69-9007-6140","A69-9007","A69-9007-6140",171,NA,NA,"ADC","2022-02-18 17:58:15","UTC",-80.79027,28.62344,"0101000020E6100000A3409FC8933254C0AB048BC3999F3C40",2022,2,18,49,17.9708333333333,"Titusville","","Fusco, K., et al. 2021.","HCTSA-A69-9007-6140-21777","Kirk Fusco (kirk.fusco@floridadep.gov)","Kirk Fusco (kirk.fusco@floridadep.gov)"
"HCTS","HCTS-A69-9007-6140-2022-02-17","Limulus polyphemus","horseshoe crab","2023-10-18","HCTSA","HCTSA","487551-W","487551",1.2,0.3,"A69-9007-6140","A69-9007","A69-9007-6140",171,NA,NA,"ADC","2022-02-18 18:01:48","UTC",-80.79027,28.62344,"0101000020E6100000A3409FC8933254C0AB048BC3999F3C40",2022,2,18,49,18.03,"Titusville","","Fusco, K., et al. 2021.","HCTSA-A69-9007-6140-21779","Kirk Fusco (kirk.fusco@floridadep.gov)","Kirk Fusco (kirk.fusco@floridadep.gov)"
"HCTS","HCTS-A69-9007-6140-2022-02-17","Limulus polyphemus","horseshoe crab","2023-10-18","HCTSA","HCTSA","487551-W","487551",1.2,0.3,"A69-9007-6140","A69-9007","A69-9007-6140",171,NA,NA,"ADC","2022-02-18 18:05:38","UTC",-80.79027,28.62344,"0101000020E6100000A3409FC8933254C0AB048BC3999F3C40",2022,2,18,49,18.0938888888889,"Titusville","","Fusco, K., et al. 2021.","HCTSA-A69-9007-6140-21785","Kirk Fusco (kirk.fusco@floridadep.gov)","Kirk Fusco (kirk.fusco@floridadep.gov)"
"HCTS","HCTS-A69-9007-6140-2022-02-17","Limulus polyphemus","horseshoe crab","2023-10-18","HCTSA","HCTSA","487549-NE","487549",1.2,0.3,"A69-9007-6140","A69-9007","A69-9007-6140",171,NA,NA,"ADC","2022-02-18 18:10:03","UTC",-80.78791,28.62577,"0101000020E61000003F8C101E6D3254C063D1747632A03C40",2022,2,18,49,18.1675,"Titusville","","Fusco, K., et al. 2021.","HCTSA-A69-9007-6140-21789","Kirk Fusco (kirk.fusco@floridadep.gov)","Kirk Fusco (kirk.fusco@floridadep.gov)"
"HCTS","HCTS-A69-9007-6140-2022-02-17","Limulus polyphemus","horseshoe crab","2023-10-18","HCTSA","HCTSA","487551-W","487551",1.2,0.3,"A69-9007-6140","A69-9007","A69-9007-6140",171,NA,NA,"ADC","2022-02-18 18:10:04","UTC",-80.79027,28.62344,"0101000020E6100000A3409FC8933254C0AB048BC3999F3C40",2022,2,18,49,18.1677777777778,"Titusville","","Fusco, K., et al. 2021.","HCTSA-A69-9007-6140-21790","Kirk Fusco (kirk.fusco@floridadep.gov)","Kirk Fusco (kirk.fusco@floridadep.gov)"
"HCTS","HCTS-A69-9007-6140-2022-02-17","Limulus polyphemus","horseshoe crab","2023-10-18","HCTSA","HCTSA","487551-W","487551",1.2,0.3,"A69-9007-6140","A69-9007","A69-9007-6140",171,NA,NA,"ADC","2022-02-18 18:14:02","UTC",-80.79027,28.62344,"0101000020E6100000A3409FC8933254C0AB048BC3999F3C40",2022,2,18,49,18.2338888888889,"Titusville","","Fusco, K., et al. 2021.","HCTSA-A69-9007-6140-21793","Kirk Fusco (kirk.fusco@floridadep.gov)","Kirk Fusco (kirk.fusco@floridadep.gov)"
"HCTS","HCTS-A69-9007-6140-2022-02-17","Limulus polyphemus","horseshoe crab","2023-10-18","HCTSA","HCTSA","487551-W","487551",1.2,0.3,"A69-9007-6140","A69-9007","A69-9007-6140",171,NA,NA,"ADC","2022-02-18 18:41:07","UTC",-80.79027,28.62344,"0101000020E6100000A3409FC8933254C0AB048BC3999F3C40",2022,2,18,49,18.6852777777778,"Titusville","","Fusco, K., et al. 2021.","HCTSA-A69-9007-6140-21802","Kirk Fusco (kirk.fusco@floridadep.gov)","Kirk Fusco (kirk.fusco@floridadep.gov)"
"HCTS","HCTS-A69-9007-6140-2022-02-17","Limulus polyphemus","horseshoe crab","2023-10-18","HCTSA","HCTSA","487551-W","487551",1.2,0.3,"A69-9007-6140","A69-9007","A69-9007-6140",171,NA,NA,"ADC","2022-02-18 18:45:11","UTC",-80.79027,28.62344,"0101000020E6100000A3409FC8933254C0AB048BC3999F3C40",2022,2,18,49,18.7530555555556,"Titusville","","Fusco, K., et al. 2021.","HCTSA-A69-9007-6140-21804","Kirk Fusco (kirk.fusco@floridadep.gov)","Kirk Fusco (kirk.fusco@floridadep.gov)"
"HCTS","HCTS-A69-9007-6140-2022-02-17","Limulus polyphemus","horseshoe crab","2023-10-18","HCTSA","HCTSA","487551-W","487551",1.2,0.3,"A69-9007-6140","A69-9007","A69-9007-6140",171,NA,NA,"ADC","2022-02-18 18:48:26","UTC",-80.79027,28.62344,"0101000020E6100000A3409FC8933254C0AB048BC3999F3C40",2022,2,18,49,18.8072222222222,"Titusville","","Fusco, K., et al. 2021.","HCTSA-A69-9007-6140-21806","Kirk Fusco (kirk.fusco@floridadep.gov)","Kirk Fusco (kirk.fusco@floridadep.gov)"
"HCTS","HCTS-A69-9007-6140-2022-02-17","Limulus polyphemus","horseshoe crab","2023-10-18","HCTSA","HCTSA","487551-W","487551",1.2,0.3,"A69-9007-6140","A69-9007","A69-9007-6140",171,NA,NA,"ADC","2022-02-18 18:51:40","UTC",-80.79027,28.62344,"0101000020E6100000A3409FC8933254C0AB048BC3999F3C40",2022,2,18,49,18.8611111111111,"Titusville","","Fusco, K., et al. 2021.","HCTSA-A69-9007-6140-21808","Kirk Fusco (kirk.fusco@floridadep.gov)","Kirk Fusco (kirk.fusco@floridadep.gov)"
"HCTS","HCTS-A69-9007-6140-2022-02-17","Limulus polyphemus","horseshoe crab","2023-10-18","HCTSA","HCTSA","487551-W","487551",1.2,0.3,"A69-9007-6140","A69-9007","A69-9007-6140",171,NA,NA,"ADC","2022-02-18 18:54:54","UTC",-80.79027,28.62344,"0101000020E6100000A3409FC8933254C0AB048BC3999F3C40",2022,2,18,49,18.915,"Titusville","","Fusco, K., et al. 2021.","HCTSA-A69-9007-6140-21810","Kirk Fusco (kirk.fusco@floridadep.gov)","Kirk Fusco (kirk.fusco@floridadep.gov)"
"HCTS","HCTS-A69-9007-6140-2022-02-17","Limulus polyphemus","horseshoe crab","2023-10-18","HCTSA","HCTSA","487551-W","487551",1.2,0.3,"A69-9007-6140","A69-9007","A69-9007-6140",171,NA,NA,"ADC","2022-02-18 18:58:09","UTC",-80.79027,28.62344,"0101000020E6100000A3409FC8933254C0AB048BC3999F3C40",2022,2,18,49,18.9691666666667,"Titusville","","Fusco, K., et al. 2021.","HCTSA-A69-9007-6140-21812","Kirk Fusco (kirk.fusco@floridadep.gov)","Kirk Fusco (kirk.fusco@floridadep.gov)"
"HCTS","HCTS-A69-9007-6140-2022-02-17","Limulus polyphemus","horseshoe crab","2023-10-18","HCTSA","HCTSA","487551-W","487551",1.2,0.3,"A69-9007-6140","A69-9007","A69-9007-6140",172,NA,NA,"ADC","2022-02-18 19:04:42","UTC",-80.79027,28.62344,"0101000020E6100000A3409FC8933254C0AB048BC3999F3C40",2022,2,18,49,19.0783333333333,"Titusville","","Fusco, K., et al. 2021.","HCTSA-A69-9007-6140-21815","Kirk Fusco (kirk.fusco@floridadep.gov)","Kirk Fusco (kirk.fusco@floridadep.gov)"
"HCTS","HCTS-A69-9007-6140-2022-02-17","Limulus polyphemus","horseshoe crab","2023-10-18","HCTSA","HCTSA","487551-W","487551",1.2,0.3,"A69-9007-6140","A69-9007","A69-9007-6140",171,NA,NA,"ADC","2022-02-18 19:08:00","UTC",-80.79027,28.62344,"0101000020E6100000A3409FC8933254C0AB048BC3999F3C40",2022,2,18,49,19.1333333333333,"Titusville","","Fusco, K., et al. 2021.","HCTSA-A69-9007-6140-21817","Kirk Fusco (kirk.fusco@floridadep.gov)","Kirk Fusco (kirk.fusco@floridadep.gov)"
"HCTS","HCTS-A69-9007-6140-2022-02-17","Limulus polyphemus","horseshoe crab","2023-10-18","HCTSA","HCTSA","487551-W","487551",1.2,0.3,"A69-9007-6140","A69-9007","A69-9007-6140",172,NA,NA,"ADC","2022-02-18 19:14:53","UTC",-80.79027,28.62344,"0101000020E6100000A3409FC8933254C0AB048BC3999F3C40",2022,2,18,49,19.2480555555556,"Titusville","","Fusco, K., et al. 2021.","HCTSA-A69-9007-6140-21820","Kirk Fusco (kirk.fusco@floridadep.gov)","Kirk Fusco (kirk.fusco@floridadep.gov)"
"HCTS","HCTS-A69-9007-6140-2022-02-17","Limulus polyphemus","horseshoe crab","2023-10-18","HCTSA","HCTSA","487551-W","487551",1.2,0.3,"A69-9007-6140","A69-9007","A69-9007-6140",172,NA,NA,"ADC","2022-02-18 19:18:40","UTC",-80.79027,28.62344,"0101000020E6100000A3409FC8933254C0AB048BC3999F3C40",2022,2,18,49,19.3111111111111,"Titusville","","Fusco, K., et al. 2021.","HCTSA-A69-9007-6140-21822","Kirk Fusco (kirk.fusco@floridadep.gov)","Kirk Fusco (kirk.fusco@floridadep.gov)"
"HCTS","HCTS-A69-9007-6140-2022-02-17","Limulus polyphemus","horseshoe crab","2023-10-18","HCTSA","HCTSA","487551-W","487551",1.2,0.3,"A69-9007-6140","A69-9007","A69-9007-6140",172,NA,NA,"ADC","2022-02-18 19:23:00","UTC",-80.79027,28.62344,"0101000020E6100000A3409FC8933254C0AB048BC3999F3C40",2022,2,18,49,19.3833333333333,"Titusville","","Fusco, K., et al. 2021.","HCTSA-A69-9007-6140-21824","Kirk Fusco (kirk.fusco@floridadep.gov)","Kirk Fusco (kirk.fusco@floridadep.gov)"
"HCTS","HCTS-A69-9007-6140-2022-02-17","Limulus polyphemus","horseshoe crab","2023-10-18","HCTSA","HCTSA","487551-W","487551",1.2,0.3,"A69-9007-6140","A69-9007","A69-9007-6140",171,NA,NA,"ADC","2022-02-18 19:26:44","UTC",-80.79027,28.62344,"0101000020E6100000A3409FC8933254C0AB048BC3999F3C40",2022,2,18,49,19.4455555555556,"Titusville","","Fusco, K., et al. 2021.","HCTSA-A69-9007-6140-21827","Kirk Fusco (kirk.fusco@floridadep.gov)","Kirk Fusco (kirk.fusco@floridadep.gov)"
"HCTS","HCTS-A69-9007-6140-2022-02-17","Limulus polyphemus","horseshoe crab","2023-10-18","HCTSA","HCTSA","487551-W","487551",1.2,0.3,"A69-9007-6140","A69-9007","A69-9007-6140",172,NA,NA,"ADC","2022-02-18 19:30:58","UTC",-80.79027,28.62344,"0101000020E6100000A3409FC8933254C0AB048BC3999F3C40",2022,2,18,49,19.5161111111111,"Titusville","","Fusco, K., et al. 2021.","HCTSA-A69-9007-6140-21831","Kirk Fusco (kirk.fusco@floridadep.gov)","Kirk Fusco (kirk.fusco@floridadep.gov)"
"HCTS","HCTS-A69-9007-6140-2022-02-17","Limulus polyphemus","horseshoe crab","2023-10-18","HCTSA","HCTSA","487551-W","487551",1.2,0.3,"A69-9007-6140","A69-9007","A69-9007-6140",172,NA,NA,"ADC","2022-02-18 19:34:33","UTC",-80.79027,28.62344,"0101000020E6100000A3409FC8933254C0AB048BC3999F3C40",2022,2,18,49,19.5758333333333,"Titusville","","Fusco, K., et al. 2021.","HCTSA-A69-9007-6140-21834","Kirk Fusco (kirk.fusco@floridadep.gov)","Kirk Fusco (kirk.fusco@floridadep.gov)"
"HCTS","HCTS-A69-9007-6140-2022-02-17","Limulus polyphemus","horseshoe crab","2023-10-18","HCTSA","HCTSA","487551-W","487551",1.2,0.3,"A69-9007-6140","A69-9007","A69-9007-6140",172,NA,NA,"ADC","2022-02-18 19:38:28","UTC",-80.79027,28.62344,"0101000020E6100000A3409FC8933254C0AB048BC3999F3C40",2022,2,18,49,19.6411111111111,"Titusville","","Fusco, K., et al. 2021.","HCTSA-A69-9007-6140-21838","Kirk Fusco (kirk.fusco@floridadep.gov)","Kirk Fusco (kirk.fusco@floridadep.gov)"
"HCTS","HCTS-A69-9007-6140-2022-02-17","Limulus polyphemus","horseshoe crab","2023-10-18","HCTSA","HCTSA","487551-W","487551",1.2,0.3,"A69-9007-6140","A69-9007","A69-9007-6140",172,NA,NA,"ADC","2022-02-18 19:43:02","UTC",-80.79027,28.62344,"0101000020E6100000A3409FC8933254C0AB048BC3999F3C40",2022,2,18,49,19.7172222222222,"Titusville","","Fusco, K., et al. 2021.","HCTSA-A69-9007-6140-21842","Kirk Fusco (kirk.fusco@floridadep.gov)","Kirk Fusco (kirk.fusco@floridadep.gov)"
"HCTS","HCTS-A69-9007-6140-2022-02-17","Limulus polyphemus","horseshoe crab","2023-10-18","HCTSA","HCTSA","487551-W","487551",1.2,0.3,"A69-9007-6140","A69-9007","A69-9007-6140",172,NA,NA,"ADC","2022-02-18 19:47:16","UTC",-80.79027,28.62344,"0101000020E6100000A3409FC8933254C0AB048BC3999F3C40",2022,2,18,49,19.7877777777778,"Titusville","","Fusco, K., et al. 2021.","HCTSA-A69-9007-6140-21845","Kirk Fusco (kirk.fusco@floridadep.gov)","Kirk Fusco (kirk.fusco@floridadep.gov)"
"HCTS","HCTS-A69-9007-6140-2022-02-17","Limulus polyphemus","horseshoe crab","2023-10-18","HCTSA","HCTSA","487551-W","487551",1.2,0.3,"A69-9007-6140","A69-9007","A69-9007-6140",172,NA,NA,"ADC","2022-02-18 19:50:50","UTC",-80.79027,28.62344,"0101000020E6100000A3409FC8933254C0AB048BC3999F3C40",2022,2,18,49,19.8472222222222,"Titusville","","Fusco, K., et al. 2021.","HCTSA-A69-9007-6140-21849","Kirk Fusco (kirk.fusco@floridadep.gov)","Kirk Fusco (kirk.fusco@floridadep.gov)"
"HCTS","HCTS-A69-9007-6140-2022-02-17","Limulus polyphemus","horseshoe crab","2023-10-18","HCTSA","HCTSA","487551-W","487551",1.2,0.3,"A69-9007-6140","A69-9007","A69-9007-6140",173,NA,NA,"ADC","2022-02-18 19:54:43","UTC",-80.79027,28.62344,"0101000020E6100000A3409FC8933254C0AB048BC3999F3C40",2022,2,18,49,19.9119444444444,"Titusville","","Fusco, K., et al. 2021.","HCTSA-A69-9007-6140-21852","Kirk Fusco (kirk.fusco@floridadep.gov)","Kirk Fusco (kirk.fusco@floridadep.gov)"
"HCTS","HCTS-A69-9007-6140-2022-02-17","Limulus polyphemus","horseshoe crab","2023-10-18","HCTSA","HCTSA","487551-W","487551",1.2,0.3,"A69-9007-6140","A69-9007","A69-9007-6140",172,NA,NA,"ADC","2022-02-18 19:59:15","UTC",-80.79027,28.62344,"0101000020E6100000A3409FC8933254C0AB048BC3999F3C40",2022,2,18,49,19.9875,"Titusville","","Fusco, K., et al. 2021.","HCTSA-A69-9007-6140-21856","Kirk Fusco (kirk.fusco@floridadep.gov)","Kirk Fusco (kirk.fusco@floridadep.gov)"
"HCTS","HCTS-A69-9007-6140-2022-02-17","Limulus polyphemus","horseshoe crab","2023-10-18","HCTSA","HCTSA","487551-W","487551",1.2,0.3,"A69-9007-6140","A69-9007","A69-9007-6140",172,NA,NA,"ADC","2022-02-18 20:06:48","UTC",-80.79027,28.62344,"0101000020E6100000A3409FC8933254C0AB048BC3999F3C40",2022,2,18,49,20.1133333333333,"Titusville","","Fusco, K., et al. 2021.","HCTSA-A69-9007-6140-21863","Kirk Fusco (kirk.fusco@floridadep.gov)","Kirk Fusco (kirk.fusco@floridadep.gov)"
"HCTS","HCTS-A69-9007-6140-2022-02-17","Limulus polyphemus","horseshoe crab","2023-10-18","HCTSA","HCTSA","487551-W","487551",1.2,0.3,"A69-9007-6140","A69-9007","A69-9007-6140",172,NA,NA,"ADC","2022-02-18 20:10:21","UTC",-80.79027,28.62344,"0101000020E6100000A3409FC8933254C0AB048BC3999F3C40",2022,2,18,49,20.1725,"Titusville","","Fusco, K., et al. 2021.","HCTSA-A69-9007-6140-21868","Kirk Fusco (kirk.fusco@floridadep.gov)","Kirk Fusco (kirk.fusco@floridadep.gov)"
"HCTS","HCTS-A69-9007-6140-2022-02-17","Limulus polyphemus","horseshoe crab","2023-10-18","HCTSA","HCTSA","487551-W","487551",1.2,0.3,"A69-9007-6140","A69-9007","A69-9007-6140",172,NA,NA,"ADC","2022-02-18 20:22:44","UTC",-80.79027,28.62344,"0101000020E6100000A3409FC8933254C0AB048BC3999F3C40",2022,2,18,49,20.3788888888889,"Titusville","","Fusco, K., et al. 2021.","HCTSA-A69-9007-6140-21876","Kirk Fusco (kirk.fusco@floridadep.gov)","Kirk Fusco (kirk.fusco@floridadep.gov)"
"HCTS","HCTS-A69-9007-6140-2022-02-17","Limulus polyphemus","horseshoe crab","2023-10-18","HCTSA","HCTSA","487551-W","487551",1.2,0.3,"A69-9007-6140","A69-9007","A69-9007-6140",171,NA,NA,"ADC","2022-02-18 20:27:34","UTC",-80.79027,28.62344,"0101000020E6100000A3409FC8933254C0AB048BC3999F3C40",2022,2,18,49,20.4594444444444,"Titusville","","Fusco, K., et al. 2021.","HCTSA-A69-9007-6140-21880","Kirk Fusco (kirk.fusco@floridadep.gov)","Kirk Fusco (kirk.fusco@floridadep.gov)"
"HCTS","HCTS-A69-9007-6140-2022-02-17","Limulus polyphemus","horseshoe crab","2023-10-18","HCTSA","HCTSA","487551-W","487551",1.2,0.3,"A69-9007-6140","A69-9007","A69-9007-6140",171,NA,NA,"ADC","2022-02-18 20:32:21","UTC",-80.79027,28.62344,"0101000020E6100000A3409FC8933254C0AB048BC3999F3C40",2022,2,18,49,20.5391666666667,"Titusville","","Fusco, K., et al. 2021.","HCTSA-A69-9007-6140-21886","Kirk Fusco (kirk.fusco@floridadep.gov)","Kirk Fusco (kirk.fusco@floridadep.gov)"
"HCTS","HCTS-A69-9007-6140-2022-02-17","Limulus polyphemus","horseshoe crab","2023-10-18","HCTSA","HCTSA","487551-W","487551",1.2,0.3,"A69-9007-6140","A69-9007","A69-9007-6140",171,NA,NA,"ADC","2022-02-18 20:37:01","UTC",-80.79027,28.62344,"0101000020E6100000A3409FC8933254C0AB048BC3999F3C40",2022,2,18,49,20.6169444444444,"Titusville","","Fusco, K., et al. 2021.","HCTSA-A69-9007-6140-21891","Kirk Fusco (kirk.fusco@floridadep.gov)","Kirk Fusco (kirk.fusco@floridadep.gov)"
"HCTS","HCTS-A69-9007-6140-2022-02-17","Limulus polyphemus","horseshoe crab","2023-10-18","HCTSA","HCTSA","487551-W","487551",1.2,0.3,"A69-9007-6140","A69-9007","A69-9007-6140",171,NA,NA,"ADC","2022-02-18 20:45:23","UTC",-80.79027,28.62344,"0101000020E6100000A3409FC8933254C0AB048BC3999F3C40",2022,2,18,49,20.7563888888889,"Titusville","","Fusco, K., et al. 2021.","HCTSA-A69-9007-6140-21903","Kirk Fusco (kirk.fusco@floridadep.gov)","Kirk Fusco (kirk.fusco@floridadep.gov)"
"HCTS","HCTS-A69-9007-6140-2022-02-17","Limulus polyphemus","horseshoe crab","2023-10-18","HCTSA","HCTSA","487551-W","487551",1.2,0.3,"A69-9007-6140","A69-9007","A69-9007-6140",171,NA,NA,"ADC","2022-02-18 20:50:03","UTC",-80.79027,28.62344,"0101000020E6100000A3409FC8933254C0AB048BC3999F3C40",2022,2,18,49,20.8341666666667,"Titusville","","Fusco, K., et al. 2021.","HCTSA-A69-9007-6140-21909","Kirk Fusco (kirk.fusco@floridadep.gov)","Kirk Fusco (kirk.fusco@floridadep.gov)"
"HCTS","HCTS-A69-9007-6140-2022-02-17","Limulus polyphemus","horseshoe crab","2023-10-18","HCTSA","HCTSA","487551-W","487551",1.2,0.3,"A69-9007-6140","A69-9007","A69-9007-6140",171,NA,NA,"ADC","2022-02-18 20:54:29","UTC",-80.79027,28.62344,"0101000020E6100000A3409FC8933254C0AB048BC3999F3C40",2022,2,18,49,20.9080555555556,"Titusville","","Fusco, K., et al. 2021.","HCTSA-A69-9007-6140-21916","Kirk Fusco (kirk.fusco@floridadep.gov)","Kirk Fusco (kirk.fusco@floridadep.gov)"
"HCTS","HCTS-A69-9007-6140-2022-02-17","Limulus polyphemus","horseshoe crab","2023-10-18","HCTSA","HCTSA","487551-W","487551",1.2,0.3,"A69-9007-6140","A69-9007","A69-9007-6140",171,NA,NA,"ADC","2022-02-18 20:58:26","UTC",-80.79027,28.62344,"0101000020E6100000A3409FC8933254C0AB048BC3999F3C40",2022,2,18,49,20.9738888888889,"Titusville","","Fusco, K., et al. 2021.","HCTSA-A69-9007-6140-21920","Kirk Fusco (kirk.fusco@floridadep.gov)","Kirk Fusco (kirk.fusco@floridadep.gov)"
"HCTS","HCTS-A69-9007-6140-2022-02-17","Limulus polyphemus","horseshoe crab","2023-10-18","HCTSA","HCTSA","487551-W","487551",1.2,0.3,"A69-9007-6140","A69-9007","A69-9007-6140",171,NA,NA,"ADC","2022-02-18 21:03:07","UTC",-80.79027,28.62344,"0101000020E6100000A3409FC8933254C0AB048BC3999F3C40",2022,2,18,49,21.0519444444444,"Titusville","","Fusco, K., et al. 2021.","HCTSA-A69-9007-6140-21925","Kirk Fusco (kirk.fusco@floridadep.gov)","Kirk Fusco (kirk.fusco@floridadep.gov)"
"HCTS","HCTS-A69-9007-6140-2022-02-17","Limulus polyphemus","horseshoe crab","2023-10-18","HCTSA","HCTSA","487551-W","487551",1.2,0.3,"A69-9007-6140","A69-9007","A69-9007-6140",171,NA,NA,"ADC","2022-02-18 21:07:34","UTC",-80.79027,28.62344,"0101000020E6100000A3409FC8933254C0AB048BC3999F3C40",2022,2,18,49,21.1261111111111,"Titusville","","Fusco, K., et al. 2021.","HCTSA-A69-9007-6140-21934","Kirk Fusco (kirk.fusco@floridadep.gov)","Kirk Fusco (kirk.fusco@floridadep.gov)"
"HCTS","HCTS-A69-9007-6140-2022-02-17","Limulus polyphemus","horseshoe crab","2023-10-18","HCTSA","HCTSA","487551-W","487551",1.2,0.3,"A69-9007-6140","A69-9007","A69-9007-6140",171,NA,NA,"ADC","2022-02-18 21:11:34","UTC",-80.79027,28.62344,"0101000020E6100000A3409FC8933254C0AB048BC3999F3C40",2022,2,18,49,21.1927777777778,"Titusville","","Fusco, K., et al. 2021.","HCTSA-A69-9007-6140-21940","Kirk Fusco (kirk.fusco@floridadep.gov)","Kirk Fusco (kirk.fusco@floridadep.gov)"
"HCTS","HCTS-A69-9007-6140-2022-02-17","Limulus polyphemus","horseshoe crab","2023-10-18","HCTSA","HCTSA","487551-W","487551",1.2,0.3,"A69-9007-6140","A69-9007","A69-9007-6140",165,NA,NA,"ADC","2022-02-18 21:16:20","UTC",-80.79027,28.62344,"0101000020E6100000A3409FC8933254C0AB048BC3999F3C40",2022,2,18,49,21.2722222222222,"Titusville","","Fusco, K., et al. 2021.","HCTSA-A69-9007-6140-21947","Kirk Fusco (kirk.fusco@floridadep.gov)","Kirk Fusco (kirk.fusco@floridadep.gov)"
"HCTS","HCTS-A69-9007-6140-2022-02-17","Limulus polyphemus","horseshoe crab","2023-10-18","HCTSA","HCTSA","487551-W","487551",1.2,0.3,"A69-9007-6140","A69-9007","A69-9007-6140",159,NA,NA,"ADC","2022-02-18 21:25:22","UTC",-80.79027,28.62344,"0101000020E6100000A3409FC8933254C0AB048BC3999F3C40",2022,2,18,49,21.4227777777778,"Titusville","","Fusco, K., et al. 2021.","HCTSA-A69-9007-6140-21957","Kirk Fusco (kirk.fusco@floridadep.gov)","Kirk Fusco (kirk.fusco@floridadep.gov)"
"HCTS","HCTS-A69-9007-6140-2022-02-17","Limulus polyphemus","horseshoe crab","2023-10-18","HCTSA","HCTSA","487551-W","487551",1.2,0.3,"A69-9007-6140","A69-9007","A69-9007-6140",159,NA,NA,"ADC","2022-02-18 21:29:13","UTC",-80.79027,28.62344,"0101000020E6100000A3409FC8933254C0AB048BC3999F3C40",2022,2,18,49,21.4869444444444,"Titusville","","Fusco, K., et al. 2021.","HCTSA-A69-9007-6140-21963","Kirk Fusco (kirk.fusco@floridadep.gov)","Kirk Fusco (kirk.fusco@floridadep.gov)"
"HCTS","HCTS-A69-9007-6140-2022-02-17","Limulus polyphemus","horseshoe crab","2023-10-18","HCTSA","HCTSA","487551-W","487551",1.2,0.3,"A69-9007-6140","A69-9007","A69-9007-6140",160,NA,NA,"ADC","2022-02-18 21:47:19","UTC",-80.79027,28.62344,"0101000020E6100000A3409FC8933254C0AB048BC3999F3C40",2022,2,18,49,21.7886111111111,"Titusville","","Fusco, K., et al. 2021.","HCTSA-A69-9007-6140-21988","Kirk Fusco (kirk.fusco@floridadep.gov)","Kirk Fusco (kirk.fusco@floridadep.gov)"
"HCTS","HCTS-A69-9007-6140-2022-02-17","Limulus polyphemus","horseshoe crab","2023-10-18","HCTSA","HCTSA","487551-W","487551",1.2,0.3,"A69-9007-6140","A69-9007","A69-9007-6140",162,NA,NA,"ADC","2022-02-18 22:04:04","UTC",-80.79027,28.62344,"0101000020E6100000A3409FC8933254C0AB048BC3999F3C40",2022,2,18,49,22.0677777777778,"Titusville","","Fusco, K., et al. 2021.","HCTSA-A69-9007-6140-22006","Kirk Fusco (kirk.fusco@floridadep.gov)","Kirk Fusco (kirk.fusco@floridadep.gov)"
"HCTS","HCTS-A69-9007-6140-2022-02-17","Limulus polyphemus","horseshoe crab","2023-10-18","HCTSA","HCTSA","487551-W","487551",1.2,0.3,"A69-9007-6140","A69-9007","A69-9007-6140",163,NA,NA,"ADC","2022-02-18 22:07:28","UTC",-80.79027,28.62344,"0101000020E6100000A3409FC8933254C0AB048BC3999F3C40",2022,2,18,49,22.1244444444444,"Titusville","","Fusco, K., et al. 2021.","HCTSA-A69-9007-6140-22011","Kirk Fusco (kirk.fusco@floridadep.gov)","Kirk Fusco (kirk.fusco@floridadep.gov)"
"HCTS","HCTS-A69-9007-6140-2022-02-17","Limulus polyphemus","horseshoe crab","2023-10-18","HCTSA","HCTSA","487551-W","487551",1.2,0.3,"A69-9007-6140","A69-9007","A69-9007-6140",163,NA,NA,"ADC","2022-02-18 22:11:01","UTC",-80.79027,28.62344,"0101000020E6100000A3409FC8933254C0AB048BC3999F3C40",2022,2,18,49,22.1836111111111,"Titusville","","Fusco, K., et al. 2021.","HCTSA-A69-9007-6140-22015","Kirk Fusco (kirk.fusco@floridadep.gov)","Kirk Fusco (kirk.fusco@floridadep.gov)"
"HCTS","HCTS-A69-9007-6140-2022-02-17","Limulus polyphemus","horseshoe crab","2023-10-18","HCTSA","HCTSA","487551-W","487551",1.2,0.3,"A69-9007-6140","A69-9007","A69-9007-6140",163,NA,NA,"ADC","2022-02-18 22:14:52","UTC",-80.79027,28.62344,"0101000020E6100000A3409FC8933254C0AB048BC3999F3C40",2022,2,18,49,22.2477777777778,"Titusville","","Fusco, K., et al. 2021.","HCTSA-A69-9007-6140-22022","Kirk Fusco (kirk.fusco@floridadep.gov)","Kirk Fusco (kirk.fusco@floridadep.gov)"
"HCTS","HCTS-A69-9007-6140-2022-02-17","Limulus polyphemus","horseshoe crab","2023-10-18","HCTSA","HCTSA","487551-W","487551",1.2,0.3,"A69-9007-6140","A69-9007","A69-9007-6140",163,NA,NA,"ADC","2022-02-18 22:19:19","UTC",-80.79027,28.62344,"0101000020E6100000A3409FC8933254C0AB048BC3999F3C40",2022,2,18,49,22.3219444444444,"Titusville","","Fusco, K., et al. 2021.","HCTSA-A69-9007-6140-22027","Kirk Fusco (kirk.fusco@floridadep.gov)","Kirk Fusco (kirk.fusco@floridadep.gov)"
"HCTS","HCTS-A69-9007-6140-2022-02-17","Limulus polyphemus","horseshoe crab","2023-10-18","HCTSA","HCTSA","487551-W","487551",1.2,0.3,"A69-9007-6140","A69-9007","A69-9007-6140",163,NA,NA,"ADC","2022-02-18 22:23:19","UTC",-80.79027,28.62344,"0101000020E6100000A3409FC8933254C0AB048BC3999F3C40",2022,2,18,49,22.3886111111111,"Titusville","","Fusco, K., et al. 2021.","HCTSA-A69-9007-6140-22035","Kirk Fusco (kirk.fusco@floridadep.gov)","Kirk Fusco (kirk.fusco@floridadep.gov)"
"HCTS","HCTS-A69-9007-6140-2022-02-17","Limulus polyphemus","horseshoe crab","2023-10-18","HCTSA","HCTSA","487551-W","487551",1.2,0.3,"A69-9007-6140","A69-9007","A69-9007-6140",163,NA,NA,"ADC","2022-02-18 22:32:43","UTC",-80.79027,28.62344,"0101000020E6100000A3409FC8933254C0AB048BC3999F3C40",2022,2,18,49,22.5452777777778,"Titusville","","Fusco, K., et al. 2021.","HCTSA-A69-9007-6140-22049","Kirk Fusco (kirk.fusco@floridadep.gov)","Kirk Fusco (kirk.fusco@floridadep.gov)"
"HCTS","HCTS-A69-9007-6140-2022-02-17","Limulus polyphemus","horseshoe crab","2023-10-18","HCTSA","HCTSA","487551-W","487551",1.2,0.3,"A69-9007-6140","A69-9007","A69-9007-6140",169,NA,NA,"ADC","2022-02-18 22:37:06","UTC",-80.79027,28.62344,"0101000020E6100000A3409FC8933254C0AB048BC3999F3C40",2022,2,18,49,22.6183333333333,"Titusville","","Fusco, K., et al. 2021.","HCTSA-A69-9007-6140-22054","Kirk Fusco (kirk.fusco@floridadep.gov)","Kirk Fusco (kirk.fusco@floridadep.gov)"
"HCTS","HCTS-A69-9007-6140-2022-02-17","Limulus polyphemus","horseshoe crab","2023-10-18","HCTSA","HCTSA","487551-W","487551",1.2,0.3,"A69-9007-6140","A69-9007","A69-9007-6140",170,NA,NA,"ADC","2022-02-18 22:40:56","UTC",-80.79027,28.62344,"0101000020E6100000A3409FC8933254C0AB048BC3999F3C40",2022,2,18,49,22.6822222222222,"Titusville","","Fusco, K., et al. 2021.","HCTSA-A69-9007-6140-22063","Kirk Fusco (kirk.fusco@floridadep.gov)","Kirk Fusco (kirk.fusco@floridadep.gov)"
"HCTS","HCTS-A69-9007-6140-2022-02-17","Limulus polyphemus","horseshoe crab","2023-10-18","HCTSA","HCTSA","487551-W","487551",1.2,0.3,"A69-9007-6140","A69-9007","A69-9007-6140",171,NA,NA,"ADC","2022-02-18 22:45:20","UTC",-80.79027,28.62344,"0101000020E6100000A3409FC8933254C0AB048BC3999F3C40",2022,2,18,49,22.7555555555556,"Titusville","","Fusco, K., et al. 2021.","HCTSA-A69-9007-6140-22071","Kirk Fusco (kirk.fusco@floridadep.gov)","Kirk Fusco (kirk.fusco@floridadep.gov)"
"HCTS","HCTS-A69-9007-6140-2022-02-17","Limulus polyphemus","horseshoe crab","2023-10-18","HCTSA","HCTSA","487551-W","487551",1.2,0.3,"A69-9007-6140","A69-9007","A69-9007-6140",171,NA,NA,"ADC","2022-02-18 22:49:15","UTC",-80.79027,28.62344,"0101000020E6100000A3409FC8933254C0AB048BC3999F3C40",2022,2,18,49,22.8208333333333,"Titusville","","Fusco, K., et al. 2021.","HCTSA-A69-9007-6140-22078","Kirk Fusco (kirk.fusco@floridadep.gov)","Kirk Fusco (kirk.fusco@floridadep.gov)"
"HCTS","HCTS-A69-9007-6140-2022-02-17","Limulus polyphemus","horseshoe crab","2023-10-18","HCTSA","HCTSA","487551-W","487551",1.2,0.3,"A69-9007-6140","A69-9007","A69-9007-6140",171,NA,NA,"ADC","2022-02-18 22:53:51","UTC",-80.79027,28.62344,"0101000020E6100000A3409FC8933254C0AB048BC3999F3C40",2022,2,18,49,22.8975,"Titusville","","Fusco, K., et al. 2021.","HCTSA-A69-9007-6140-22084","Kirk Fusco (kirk.fusco@floridadep.gov)","Kirk Fusco (kirk.fusco@floridadep.gov)"
"HCTS","HCTS-A69-9007-6140-2022-02-17","Limulus polyphemus","horseshoe crab","2023-10-18","HCTSA","HCTSA","487551-W","487551",1.2,0.3,"A69-9007-6140","A69-9007","A69-9007-6140",172,NA,NA,"ADC","2022-02-18 22:58:09","UTC",-80.79027,28.62344,"0101000020E6100000A3409FC8933254C0AB048BC3999F3C40",2022,2,18,49,22.9691666666667,"Titusville","","Fusco, K., et al. 2021.","HCTSA-A69-9007-6140-22094","Kirk Fusco (kirk.fusco@floridadep.gov)","Kirk Fusco (kirk.fusco@floridadep.gov)"
"HCTS","HCTS-A69-9007-6140-2022-02-17","Limulus polyphemus","horseshoe crab","2023-10-18","HCTSA","HCTSA","487551-W","487551",1.2,0.3,"A69-9007-6140","A69-9007","A69-9007-6140",173,NA,NA,"ADC","2022-02-18 23:01:50","UTC",-80.79027,28.62344,"0101000020E6100000A3409FC8933254C0AB048BC3999F3C40",2022,2,18,49,23.0305555555556,"Titusville","","Fusco, K., et al. 2021.","HCTSA-A69-9007-6140-22096","Kirk Fusco (kirk.fusco@floridadep.gov)","Kirk Fusco (kirk.fusco@floridadep.gov)"
"HCTS","HCTS-A69-9007-6140-2022-02-17","Limulus polyphemus","horseshoe crab","2023-10-18","HCTSA","HCTSA","487550-SE","487550",1.2,0.3,"A69-9007-6140","A69-9007","A69-9007-6140",173,NA,NA,"ADC","2022-02-18 23:01:52","UTC",-80.78626,28.6223,"0101000020E6100000CA897615523254C0014D840D4F9F3C40",2022,2,18,49,23.0311111111111,"Titusville","","Fusco, K., et al. 2021.","HCTSA-A69-9007-6140-22097","Kirk Fusco (kirk.fusco@floridadep.gov)","Kirk Fusco (kirk.fusco@floridadep.gov)"
"HCTS","HCTS-A69-9007-6140-2022-02-17","Limulus polyphemus","horseshoe crab","2023-10-18","HCTSA","HCTSA","487551-W","487551",1.2,0.3,"A69-9007-6140","A69-9007","A69-9007-6140",173,NA,NA,"ADC","2022-02-18 23:05:58","UTC",-80.79027,28.62344,"0101000020E6100000A3409FC8933254C0AB048BC3999F3C40",2022,2,18,49,23.0994444444444,"Titusville","","Fusco, K., et al. 2021.","HCTSA-A69-9007-6140-22108","Kirk Fusco (kirk.fusco@floridadep.gov)","Kirk Fusco (kirk.fusco@floridadep.gov)"
"HCTS","HCTS-A69-9007-6140-2022-02-17","Limulus polyphemus","horseshoe crab","2023-10-18","HCTSA","HCTSA","487550-SE","487550",1.2,0.3,"A69-9007-6140","A69-9007","A69-9007-6140",173,NA,NA,"ADC","2022-02-18 23:05:59","UTC",-80.78626,28.6223,"0101000020E6100000CA897615523254C0014D840D4F9F3C40",2022,2,18,49,23.0997222222222,"Titusville","","Fusco, K., et al. 2021.","HCTSA-A69-9007-6140-22110","Kirk Fusco (kirk.fusco@floridadep.gov)","Kirk Fusco (kirk.fusco@floridadep.gov)"
"HCTS","HCTS-A69-9007-6140-2022-02-17","Limulus polyphemus","horseshoe crab","2023-10-18","HCTSA","HCTSA","487551-W","487551",1.2,0.3,"A69-9007-6140","A69-9007","A69-9007-6140",173,NA,NA,"ADC","2022-02-18 23:09:19","UTC",-80.79027,28.62344,"0101000020E6100000A3409FC8933254C0AB048BC3999F3C40",2022,2,18,49,23.1552777777778,"Titusville","","Fusco, K., et al. 2021.","HCTSA-A69-9007-6140-22113","Kirk Fusco (kirk.fusco@floridadep.gov)","Kirk Fusco (kirk.fusco@floridadep.gov)"
"HCTS","HCTS-A69-9007-6140-2022-02-17","Limulus polyphemus","horseshoe crab","2023-10-18","HCTSA","HCTSA","487550-SE","487550",1.2,0.3,"A69-9007-6140","A69-9007","A69-9007-6140",173,NA,NA,"ADC","2022-02-18 23:09:20","UTC",-80.78626,28.6223,"0101000020E6100000CA897615523254C0014D840D4F9F3C40",2022,2,18,49,23.1555555555556,"Titusville","","Fusco, K., et al. 2021.","HCTSA-A69-9007-6140-22114","Kirk Fusco (kirk.fusco@floridadep.gov)","Kirk Fusco (kirk.fusco@floridadep.gov)"
"HCTS","HCTS-A69-9007-6140-2022-02-17","Limulus polyphemus","horseshoe crab","2023-10-18","HCTSA","HCTSA","487551-W","487551",1.2,0.3,"A69-9007-6140","A69-9007","A69-9007-6140",173,NA,NA,"ADC","2022-02-18 23:12:47","UTC",-80.79027,28.62344,"0101000020E6100000A3409FC8933254C0AB048BC3999F3C40",2022,2,18,49,23.2130555555556,"Titusville","","Fusco, K., et al. 2021.","HCTSA-A69-9007-6140-22118","Kirk Fusco (kirk.fusco@floridadep.gov)","Kirk Fusco (kirk.fusco@floridadep.gov)"
"HCTS","HCTS-A69-9007-6140-2022-02-17","Limulus polyphemus","horseshoe crab","2023-10-18","HCTSA","HCTSA","487550-SE","487550",1.2,0.3,"A69-9007-6140","A69-9007","A69-9007-6140",173,NA,NA,"ADC","2022-02-18 23:12:48","UTC",-80.78626,28.6223,"0101000020E6100000CA897615523254C0014D840D4F9F3C40",2022,2,18,49,23.2133333333333,"Titusville","","Fusco, K., et al. 2021.","HCTSA-A69-9007-6140-22121","Kirk Fusco (kirk.fusco@floridadep.gov)","Kirk Fusco (kirk.fusco@floridadep.gov)"
"HCTS","HCTS-A69-9007-6140-2022-02-17","Limulus polyphemus","horseshoe crab","2023-10-18","HCTSA","HCTSA","487551-W","487551",1.2,0.3,"A69-9007-6140","A69-9007","A69-9007-6140",172,NA,NA,"ADC","2022-02-18 23:16:27","UTC",-80.79027,28.62344,"0101000020E6100000A3409FC8933254C0AB048BC3999F3C40",2022,2,18,49,23.2741666666667,"Titusville","","Fusco, K., et al. 2021.","HCTSA-A69-9007-6140-22131","Kirk Fusco (kirk.fusco@floridadep.gov)","Kirk Fusco (kirk.fusco@floridadep.gov)"
"HCTS","HCTS-A69-9007-6140-2022-02-17","Limulus polyphemus","horseshoe crab","2023-10-18","HCTSA","HCTSA","487551-W","487551",1.2,0.3,"A69-9007-6140","A69-9007","A69-9007-6140",172,NA,NA,"ADC","2022-02-18 23:20:34","UTC",-80.79027,28.62344,"0101000020E6100000A3409FC8933254C0AB048BC3999F3C40",2022,2,18,49,23.3427777777778,"Titusville","","Fusco, K., et al. 2021.","HCTSA-A69-9007-6140-22133","Kirk Fusco (kirk.fusco@floridadep.gov)","Kirk Fusco (kirk.fusco@floridadep.gov)"
"HCTS","HCTS-A69-9007-6140-2022-02-17","Limulus polyphemus","horseshoe crab","2023-10-18","HCTSA","HCTSA","487551-W","487551",1.2,0.3,"A69-9007-6140","A69-9007","A69-9007-6140",172,NA,NA,"ADC","2022-02-18 23:23:52","UTC",-80.79027,28.62344,"0101000020E6100000A3409FC8933254C0AB048BC3999F3C40",2022,2,18,49,23.3977777777778,"Titusville","","Fusco, K., et al. 2021.","HCTSA-A69-9007-6140-22139","Kirk Fusco (kirk.fusco@floridadep.gov)","Kirk Fusco (kirk.fusco@floridadep.gov)"
"HCTS","HCTS-A69-9007-6140-2022-02-17","Limulus polyphemus","horseshoe crab","2023-10-18","HCTSA","HCTSA","487551-W","487551",1.2,0.3,"A69-9007-6140","A69-9007","A69-9007-6140",172,NA,NA,"ADC","2022-02-18 23:27:14","UTC",-80.79027,28.62344,"0101000020E6100000A3409FC8933254C0AB048BC3999F3C40",2022,2,18,49,23.4538888888889,"Titusville","","Fusco, K., et al. 2021.","HCTSA-A69-9007-6140-22146","Kirk Fusco (kirk.fusco@floridadep.gov)","Kirk Fusco (kirk.fusco@floridadep.gov)"
"HCTS","HCTS-A69-9007-6140-2022-02-17","Limulus polyphemus","horseshoe crab","2023-10-18","HCTSA","HCTSA","487550-SE","487550",1.2,0.3,"A69-9007-6140","A69-9007","A69-9007-6140",172,NA,NA,"ADC","2022-02-18 23:27:15","UTC",-80.78626,28.6223,"0101000020E6100000CA897615523254C0014D840D4F9F3C40",2022,2,18,49,23.4541666666667,"Titusville","","Fusco, K., et al. 2021.","HCTSA-A69-9007-6140-22147","Kirk Fusco (kirk.fusco@floridadep.gov)","Kirk Fusco (kirk.fusco@floridadep.gov)"
"HCTS","HCTS-A69-9007-6140-2022-02-17","Limulus polyphemus","horseshoe crab","2023-10-18","HCTSA","HCTSA","487551-W","487551",1.2,0.3,"A69-9007-6140","A69-9007","A69-9007-6140",172,NA,NA,"ADC","2022-02-18 23:30:43","UTC",-80.79027,28.62344,"0101000020E6100000A3409FC8933254C0AB048BC3999F3C40",2022,2,18,49,23.5119444444444,"Titusville","","Fusco, K., et al. 2021.","HCTSA-A69-9007-6140-22149","Kirk Fusco (kirk.fusco@floridadep.gov)","Kirk Fusco (kirk.fusco@floridadep.gov)"
"HCTS","HCTS-A69-9007-6140-2022-02-17","Limulus polyphemus","horseshoe crab","2023-10-18","HCTSA","HCTSA","487550-SE","487550",1.2,0.3,"A69-9007-6140","A69-9007","A69-9007-6140",172,NA,NA,"ADC","2022-02-18 23:30:45","UTC",-80.78626,28.6223,"0101000020E6100000CA897615523254C0014D840D4F9F3C40",2022,2,18,49,23.5125,"Titusville","","Fusco, K., et al. 2021.","HCTSA-A69-9007-6140-22150","Kirk Fusco (kirk.fusco@floridadep.gov)","Kirk Fusco (kirk.fusco@floridadep.gov)"
"HCTS","HCTS-A69-9007-6140-2022-02-17","Limulus polyphemus","horseshoe crab","2023-10-18","HCTSA","HCTSA","487549-NE","487549",1.2,0.3,"A69-9007-6140","A69-9007","A69-9007-6140",172,NA,NA,"ADC","2022-02-18 23:34:26","UTC",-80.78791,28.62577,"0101000020E61000003F8C101E6D3254C063D1747632A03C40",2022,2,18,49,23.5738888888889,"Titusville","","Fusco, K., et al. 2021.","HCTSA-A69-9007-6140-22155","Kirk Fusco (kirk.fusco@floridadep.gov)","Kirk Fusco (kirk.fusco@floridadep.gov)"
"HCTS","HCTS-A69-9007-6140-2022-02-17","Limulus polyphemus","horseshoe crab","2023-10-18","HCTSA","HCTSA","487551-W","487551",1.2,0.3,"A69-9007-6140","A69-9007","A69-9007-6140",172,NA,NA,"ADC","2022-02-18 23:34:27","UTC",-80.79027,28.62344,"0101000020E6100000A3409FC8933254C0AB048BC3999F3C40",2022,2,18,49,23.5741666666667,"Titusville","","Fusco, K., et al. 2021.","HCTSA-A69-9007-6140-22156","Kirk Fusco (kirk.fusco@floridadep.gov)","Kirk Fusco (kirk.fusco@floridadep.gov)"
"HCTS","HCTS-A69-9007-6140-2022-02-17","Limulus polyphemus","horseshoe crab","2023-10-18","HCTSA","HCTSA","487549-NE","487549",1.2,0.3,"A69-9007-6140","A69-9007","A69-9007-6140",171,NA,NA,"ADC","2022-02-18 23:38:39","UTC",-80.78791,28.62577,"0101000020E61000003F8C101E6D3254C063D1747632A03C40",2022,2,18,49,23.6441666666667,"Titusville","","Fusco, K., et al. 2021.","HCTSA-A69-9007-6140-22165","Kirk Fusco (kirk.fusco@floridadep.gov)","Kirk Fusco (kirk.fusco@floridadep.gov)"
"HCTS","HCTS-A69-9007-6140-2022-02-17","Limulus polyphemus","horseshoe crab","2023-10-18","HCTSA","HCTSA","487551-W","487551",1.2,0.3,"A69-9007-6140","A69-9007","A69-9007-6140",171,NA,NA,"ADC","2022-02-18 23:38:40","UTC",-80.79027,28.62344,"0101000020E6100000A3409FC8933254C0AB048BC3999F3C40",2022,2,18,49,23.6444444444444,"Titusville","","Fusco, K., et al. 2021.","HCTSA-A69-9007-6140-22166","Kirk Fusco (kirk.fusco@floridadep.gov)","Kirk Fusco (kirk.fusco@floridadep.gov)"
"HCTS","HCTS-A69-9007-6140-2022-02-17","Limulus polyphemus","horseshoe crab","2023-10-18","HCTSA","HCTSA","487550-SE","487550",1.2,0.3,"A69-9007-6140","A69-9007","A69-9007-6140",171,NA,NA,"ADC","2022-02-18 23:38:42","UTC",-80.78626,28.6223,"0101000020E6100000CA897615523254C0014D840D4F9F3C40",2022,2,18,49,23.645,"Titusville","","Fusco, K., et al. 2021.","HCTSA-A69-9007-6140-22167","Kirk Fusco (kirk.fusco@floridadep.gov)","Kirk Fusco (kirk.fusco@floridadep.gov)"
"HCTS","HCTS-A69-9007-6140-2022-02-17","Limulus polyphemus","horseshoe crab","2023-10-18","HCTSA","HCTSA","487551-W","487551",1.2,0.3,"A69-9007-6140","A69-9007","A69-9007-6140",165,NA,NA,"ADC","2022-02-18 23:42:13","UTC",-80.79027,28.62344,"0101000020E6100000A3409FC8933254C0AB048BC3999F3C40",2022,2,18,49,23.7036111111111,"Titusville","","Fusco, K., et al. 2021.","HCTSA-A69-9007-6140-22171","Kirk Fusco (kirk.fusco@floridadep.gov)","Kirk Fusco (kirk.fusco@floridadep.gov)"
"HCTS","HCTS-A69-9007-6140-2022-02-17","Limulus polyphemus","horseshoe crab","2023-10-18","HCTSA","HCTSA","487551-W","487551",1.2,0.3,"A69-9007-6140","A69-9007","A69-9007-6140",163,NA,NA,"ADC","2022-02-18 23:50:29","UTC",-80.79027,28.62344,"0101000020E6100000A3409FC8933254C0AB048BC3999F3C40",2022,2,18,49,23.8413888888889,"Titusville","","Fusco, K., et al. 2021.","HCTSA-A69-9007-6140-22182","Kirk Fusco (kirk.fusco@floridadep.gov)","Kirk Fusco (kirk.fusco@floridadep.gov)"
"HCTS","HCTS-A69-9007-6140-2022-02-17","Limulus polyphemus","horseshoe crab","2023-10-18","HCTSA","HCTSA","487551-W","487551",1.2,0.3,"A69-9007-6140","A69-9007","A69-9007-6140",163,NA,NA,"ADC","2022-02-18 23:54:26","UTC",-80.79027,28.62344,"0101000020E6100000A3409FC8933254C0AB048BC3999F3C40",2022,2,18,49,23.9072222222222,"Titusville","","Fusco, K., et al. 2021.","HCTSA-A69-9007-6140-22184","Kirk Fusco (kirk.fusco@floridadep.gov)","Kirk Fusco (kirk.fusco@floridadep.gov)"
"HCTS","HCTS-A69-9007-6140-2022-02-17","Limulus polyphemus","horseshoe crab","2023-10-18","HCTSA","HCTSA","487551-W","487551",1.2,0.3,"A69-9007-6140","A69-9007","A69-9007-6140",163,NA,NA,"ADC","2022-02-18 23:59:06","UTC",-80.79027,28.62344,"0101000020E6100000A3409FC8933254C0AB048BC3999F3C40",2022,2,18,49,23.985,"Titusville","","Fusco, K., et al. 2021.","HCTSA-A69-9007-6140-22192","Kirk Fusco (kirk.fusco@floridadep.gov)","Kirk Fusco (kirk.fusco@floridadep.gov)"
"HCTS","HCTS-A69-9007-6140-2022-02-17","Limulus polyphemus","horseshoe crab","2023-10-18","HCTSA","HCTSA","487550-SE","487550",1.2,0.3,"A69-9007-6140","A69-9007","A69-9007-6140",163,NA,NA,"ADC","2022-02-18 23:59:07","UTC",-80.78626,28.6223,"0101000020E6100000CA897615523254C0014D840D4F9F3C40",2022,2,18,49,23.9852777777778,"Titusville","","Fusco, K., et al. 2021.","HCTSA-A69-9007-6140-22193","Kirk Fusco (kirk.fusco@floridadep.gov)","Kirk Fusco (kirk.fusco@floridadep.gov)"
"HCTS","HCTS-A69-9007-6140-2022-02-17","Limulus polyphemus","horseshoe crab","2023-10-18","HCTSA","HCTSA","487551-W","487551",1.2,0.3,"A69-9007-6140","A69-9007","A69-9007-6140",167,NA,NA,"ADC","2022-02-19 00:03:31","UTC",-80.79027,28.62344,"0101000020E6100000A3409FC8933254C0AB048BC3999F3C40",2022,2,19,50,0.0586111111111111,"Titusville","","Fusco, K., et al. 2021.","HCTSA-A69-9007-6140-22196","Kirk Fusco (kirk.fusco@floridadep.gov)","Kirk Fusco (kirk.fusco@floridadep.gov)"
"HCTS","HCTS-A69-9007-6140-2022-02-17","Limulus polyphemus","horseshoe crab","2023-10-18","HCTSA","HCTSA","487551-W","487551",1.2,0.3,"A69-9007-6140","A69-9007","A69-9007-6140",163,NA,NA,"ADC","2022-02-19 00:07:28","UTC",-80.79027,28.62344,"0101000020E6100000A3409FC8933254C0AB048BC3999F3C40",2022,2,19,50,0.124444444444444,"Titusville","","Fusco, K., et al. 2021.","HCTSA-A69-9007-6140-22207","Kirk Fusco (kirk.fusco@floridadep.gov)","Kirk Fusco (kirk.fusco@floridadep.gov)"
"HCTS","HCTS-A69-9007-6140-2022-02-17","Limulus polyphemus","horseshoe crab","2023-10-18","HCTSA","HCTSA","487551-W","487551",1.2,0.3,"A69-9007-6140","A69-9007","A69-9007-6140",163,NA,NA,"ADC","2022-02-19 00:12:07","UTC",-80.79027,28.62344,"0101000020E6100000A3409FC8933254C0AB048BC3999F3C40",2022,2,19,50,0.201944444444444,"Titusville","","Fusco, K., et al. 2021.","HCTSA-A69-9007-6140-22211","Kirk Fusco (kirk.fusco@floridadep.gov)","Kirk Fusco (kirk.fusco@floridadep.gov)"
"HCTS","HCTS-A69-9007-6140-2022-02-17","Limulus polyphemus","horseshoe crab","2023-10-18","HCTSA","HCTSA","487551-W","487551",1.2,0.3,"A69-9007-6140","A69-9007","A69-9007-6140",163,NA,NA,"ADC","2022-02-19 00:16:30","UTC",-80.79027,28.62344,"0101000020E6100000A3409FC8933254C0AB048BC3999F3C40",2022,2,19,50,0.275,"Titusville","","Fusco, K., et al. 2021.","HCTSA-A69-9007-6140-22218","Kirk Fusco (kirk.fusco@floridadep.gov)","Kirk Fusco (kirk.fusco@floridadep.gov)"
"HCTS","HCTS-A69-9007-6140-2022-02-17","Limulus polyphemus","horseshoe crab","2023-10-18","HCTSA","HCTSA","487551-W","487551",1.2,0.3,"A69-9007-6140","A69-9007","A69-9007-6140",163,NA,NA,"ADC","2022-02-19 00:20:23","UTC",-80.79027,28.62344,"0101000020E6100000A3409FC8933254C0AB048BC3999F3C40",2022,2,19,50,0.339722222222222,"Titusville","","Fusco, K., et al. 2021.","HCTSA-A69-9007-6140-22225","Kirk Fusco (kirk.fusco@floridadep.gov)","Kirk Fusco (kirk.fusco@floridadep.gov)"
"HCTS","HCTS-A69-9007-6140-2022-02-17","Limulus polyphemus","horseshoe crab","2023-10-18","HCTSA","HCTSA","487551-W","487551",1.2,0.3,"A69-9007-6140","A69-9007","A69-9007-6140",164,NA,NA,"ADC","2022-02-19 00:29:02","UTC",-80.79027,28.62344,"0101000020E6100000A3409FC8933254C0AB048BC3999F3C40",2022,2,19,50,0.483888888888889,"Titusville","","Fusco, K., et al. 2021.","HCTSA-A69-9007-6140-22238","Kirk Fusco (kirk.fusco@floridadep.gov)","Kirk Fusco (kirk.fusco@floridadep.gov)"
"HCTS","HCTS-A69-9007-6140-2022-02-17","Limulus polyphemus","horseshoe crab","2023-10-18","HCTSA","HCTSA","487549-NE","487549",1.2,0.3,"A69-9007-6140","A69-9007","A69-9007-6140",164,NA,NA,"ADC","2022-02-19 00:32:22","UTC",-80.78791,28.62577,"0101000020E61000003F8C101E6D3254C063D1747632A03C40",2022,2,19,50,0.539444444444444,"Titusville","","Fusco, K., et al. 2021.","HCTSA-A69-9007-6140-22241","Kirk Fusco (kirk.fusco@floridadep.gov)","Kirk Fusco (kirk.fusco@floridadep.gov)"
"HCTS","HCTS-A69-9007-6140-2022-02-17","Limulus polyphemus","horseshoe crab","2023-10-18","HCTSA","HCTSA","487551-W","487551",1.2,0.3,"A69-9007-6140","A69-9007","A69-9007-6140",164,NA,NA,"ADC","2022-02-19 00:32:23","UTC",-80.79027,28.62344,"0101000020E6100000A3409FC8933254C0AB048BC3999F3C40",2022,2,19,50,0.539722222222222,"Titusville","","Fusco, K., et al. 2021.","HCTSA-A69-9007-6140-22242","Kirk Fusco (kirk.fusco@floridadep.gov)","Kirk Fusco (kirk.fusco@floridadep.gov)"
"HCTS","HCTS-A69-9007-6140-2022-02-17","Limulus polyphemus","horseshoe crab","2023-10-18","HCTSA","HCTSA","487549-NE","487549",1.2,0.3,"A69-9007-6140","A69-9007","A69-9007-6140",164,NA,NA,"ADC","2022-02-19 00:39:30","UTC",-80.78791,28.62577,"0101000020E61000003F8C101E6D3254C063D1747632A03C40",2022,2,19,50,0.658333333333333,"Titusville","","Fusco, K., et al. 2021.","HCTSA-A69-9007-6140-22251","Kirk Fusco (kirk.fusco@floridadep.gov)","Kirk Fusco (kirk.fusco@floridadep.gov)"
"HCTS","HCTS-A69-9007-6140-2022-02-17","Limulus polyphemus","horseshoe crab","2023-10-18","HCTSA","HCTSA","487551-W","487551",1.2,0.3,"A69-9007-6140","A69-9007","A69-9007-6140",164,NA,NA,"ADC","2022-02-19 00:39:31","UTC",-80.79027,28.62344,"0101000020E6100000A3409FC8933254C0AB048BC3999F3C40",2022,2,19,50,0.658611111111111,"Titusville","","Fusco, K., et al. 2021.","HCTSA-A69-9007-6140-22252","Kirk Fusco (kirk.fusco@floridadep.gov)","Kirk Fusco (kirk.fusco@floridadep.gov)"
"HCTS","HCTS-A69-9007-6140-2022-02-17","Limulus polyphemus","horseshoe crab","2023-10-18","HCTSA","HCTSA","487549-NE","487549",1.2,0.3,"A69-9007-6140","A69-9007","A69-9007-6140",164,NA,NA,"ADC","2022-02-19 00:43:36","UTC",-80.78791,28.62577,"0101000020E61000003F8C101E6D3254C063D1747632A03C40",2022,2,19,50,0.726666666666667,"Titusville","","Fusco, K., et al. 2021.","HCTSA-A69-9007-6140-22255","Kirk Fusco (kirk.fusco@floridadep.gov)","Kirk Fusco (kirk.fusco@floridadep.gov)"
"HCTS","HCTS-A69-9007-6140-2022-02-17","Limulus polyphemus","horseshoe crab","2023-10-18","HCTSA","HCTSA","487551-W","487551",1.2,0.3,"A69-9007-6140","A69-9007","A69-9007-6140",164,NA,NA,"ADC","2022-02-19 00:43:37","UTC",-80.79027,28.62344,"0101000020E6100000A3409FC8933254C0AB048BC3999F3C40",2022,2,19,50,0.726944444444445,"Titusville","","Fusco, K., et al. 2021.","HCTSA-A69-9007-6140-22256","Kirk Fusco (kirk.fusco@floridadep.gov)","Kirk Fusco (kirk.fusco@floridadep.gov)"
"HCTS","HCTS-A69-9007-6140-2022-02-17","Limulus polyphemus","horseshoe crab","2023-10-18","HCTSA","HCTSA","487549-NE","487549",1.2,0.3,"A69-9007-6140","A69-9007","A69-9007-6140",165,NA,NA,"ADC","2022-02-19 00:50:19","UTC",-80.78791,28.62577,"0101000020E61000003F8C101E6D3254C063D1747632A03C40",2022,2,19,50,0.838611111111111,"Titusville","","Fusco, K., et al. 2021.","HCTSA-A69-9007-6140-22269","Kirk Fusco (kirk.fusco@floridadep.gov)","Kirk Fusco (kirk.fusco@floridadep.gov)"
"HCTS","HCTS-A69-9007-6140-2022-02-17","Limulus polyphemus","horseshoe crab","2023-10-18","HCTSA","HCTSA","487551-W","487551",1.2,0.3,"A69-9007-6140","A69-9007","A69-9007-6140",165,NA,NA,"ADC","2022-02-19 00:50:20","UTC",-80.79027,28.62344,"0101000020E6100000A3409FC8933254C0AB048BC3999F3C40",2022,2,19,50,0.838888888888889,"Titusville","","Fusco, K., et al. 2021.","HCTSA-A69-9007-6140-22270","Kirk Fusco (kirk.fusco@floridadep.gov)","Kirk Fusco (kirk.fusco@floridadep.gov)"
"HCTS","HCTS-A69-9007-6140-2022-02-17","Limulus polyphemus","horseshoe crab","2023-10-18","HCTSA","HCTSA","487550-SE","487550",1.2,0.3,"A69-9007-6140","A69-9007","A69-9007-6140",165,NA,NA,"ADC","2022-02-19 00:50:22","UTC",-80.78626,28.6223,"0101000020E6100000CA897615523254C0014D840D4F9F3C40",2022,2,19,50,0.839444444444444,"Titusville","","Fusco, K., et al. 2021.","HCTSA-A69-9007-6140-22272","Kirk Fusco (kirk.fusco@floridadep.gov)","Kirk Fusco (kirk.fusco@floridadep.gov)"
"HCTS","HCTS-A69-9007-6140-2022-02-17","Limulus polyphemus","horseshoe crab","2023-10-18","HCTSA","HCTSA","487551-W","487551",1.2,0.3,"A69-9007-6140","A69-9007","A69-9007-6140",165,NA,NA,"ADC","2022-02-19 00:53:53","UTC",-80.79027,28.62344,"0101000020E6100000A3409FC8933254C0AB048BC3999F3C40",2022,2,19,50,0.898055555555555,"Titusville","","Fusco, K., et al. 2021.","HCTSA-A69-9007-6140-22273","Kirk Fusco (kirk.fusco@floridadep.gov)","Kirk Fusco (kirk.fusco@floridadep.gov)"
"HCTS","HCTS-A69-9007-6140-2022-02-17","Limulus polyphemus","horseshoe crab","2023-10-18","HCTSA","HCTSA","487550-SE","487550",1.2,0.3,"A69-9007-6140","A69-9007","A69-9007-6140",165,NA,NA,"ADC","2022-02-19 00:53:55","UTC",-80.78626,28.6223,"0101000020E6100000CA897615523254C0014D840D4F9F3C40",2022,2,19,50,0.898611111111111,"Titusville","","Fusco, K., et al. 2021.","HCTSA-A69-9007-6140-22274","Kirk Fusco (kirk.fusco@floridadep.gov)","Kirk Fusco (kirk.fusco@floridadep.gov)"
"HCTS","HCTS-A69-9007-6140-2022-02-17","Limulus polyphemus","horseshoe crab","2023-10-18","HCTSA","HCTSA","487549-NE","487549",1.2,0.3,"A69-9007-6140","A69-9007","A69-9007-6140",166,NA,NA,"ADC","2022-02-19 01:02:13","UTC",-80.78791,28.62577,"0101000020E61000003F8C101E6D3254C063D1747632A03C40",2022,2,19,50,1.03694444444444,"Titusville","","Fusco, K., et al. 2021.","HCTSA-A69-9007-6140-22285","Kirk Fusco (kirk.fusco@floridadep.gov)","Kirk Fusco (kirk.fusco@floridadep.gov)"
"HCTS","HCTS-A69-9007-6140-2022-02-17","Limulus polyphemus","horseshoe crab","2023-10-18","HCTSA","HCTSA","487551-W","487551",1.2,0.3,"A69-9007-6140","A69-9007","A69-9007-6140",166,NA,NA,"ADC","2022-02-19 01:02:14","UTC",-80.79027,28.62344,"0101000020E6100000A3409FC8933254C0AB048BC3999F3C40",2022,2,19,50,1.03722222222222,"Titusville","","Fusco, K., et al. 2021.","HCTSA-A69-9007-6140-22286","Kirk Fusco (kirk.fusco@floridadep.gov)","Kirk Fusco (kirk.fusco@floridadep.gov)"
"HCTS","HCTS-A69-9007-6140-2022-02-17","Limulus polyphemus","horseshoe crab","2023-10-18","HCTSA","HCTSA","487549-NE","487549",1.2,0.3,"A69-9007-6140","A69-9007","A69-9007-6140",167,NA,NA,"ADC","2022-02-19 01:06:16","UTC",-80.78791,28.62577,"0101000020E61000003F8C101E6D3254C063D1747632A03C40",2022,2,19,50,1.10444444444444,"Titusville","","Fusco, K., et al. 2021.","HCTSA-A69-9007-6140-22293","Kirk Fusco (kirk.fusco@floridadep.gov)","Kirk Fusco (kirk.fusco@floridadep.gov)"
"HCTS","HCTS-A69-9007-6140-2022-02-17","Limulus polyphemus","horseshoe crab","2023-10-18","HCTSA","HCTSA","487551-W","487551",1.2,0.3,"A69-9007-6140","A69-9007","A69-9007-6140",167,NA,NA,"ADC","2022-02-19 01:06:17","UTC",-80.79027,28.62344,"0101000020E6100000A3409FC8933254C0AB048BC3999F3C40",2022,2,19,50,1.10472222222222,"Titusville","","Fusco, K., et al. 2021.","HCTSA-A69-9007-6140-22294","Kirk Fusco (kirk.fusco@floridadep.gov)","Kirk Fusco (kirk.fusco@floridadep.gov)"
"HCTS","HCTS-A69-9007-6140-2022-02-17","Limulus polyphemus","horseshoe crab","2023-10-18","HCTSA","HCTSA","487550-SE","487550",1.2,0.3,"A69-9007-6140","A69-9007","A69-9007-6140",167,NA,NA,"ADC","2022-02-19 01:06:19","UTC",-80.78626,28.6223,"0101000020E6100000CA897615523254C0014D840D4F9F3C40",2022,2,19,50,1.10527777777778,"Titusville","","Fusco, K., et al. 2021.","HCTSA-A69-9007-6140-22296","Kirk Fusco (kirk.fusco@floridadep.gov)","Kirk Fusco (kirk.fusco@floridadep.gov)"
"HCTS","HCTS-A69-9007-6140-2022-02-17","Limulus polyphemus","horseshoe crab","2023-10-18","HCTSA","HCTSA","487549-NE","487549",1.2,0.3,"A69-9007-6140","A69-9007","A69-9007-6140",168,NA,NA,"ADC","2022-02-19 01:11:08","UTC",-80.78791,28.62577,"0101000020E61000003F8C101E6D3254C063D1747632A03C40",2022,2,19,50,1.18555555555556,"Titusville","","Fusco, K., et al. 2021.","HCTSA-A69-9007-6140-22305","Kirk Fusco (kirk.fusco@floridadep.gov)","Kirk Fusco (kirk.fusco@floridadep.gov)"
"HCTS","HCTS-A69-9007-6140-2022-02-17","Limulus polyphemus","horseshoe crab","2023-10-18","HCTSA","HCTSA","487551-W","487551",1.2,0.3,"A69-9007-6140","A69-9007","A69-9007-6140",168,NA,NA,"ADC","2022-02-19 01:11:09","UTC",-80.79027,28.62344,"0101000020E6100000A3409FC8933254C0AB048BC3999F3C40",2022,2,19,50,1.18583333333333,"Titusville","","Fusco, K., et al. 2021.","HCTSA-A69-9007-6140-22306","Kirk Fusco (kirk.fusco@floridadep.gov)","Kirk Fusco (kirk.fusco@floridadep.gov)"
"HCTS","HCTS-A69-9007-6140-2022-02-17","Limulus polyphemus","horseshoe crab","2023-10-18","HCTSA","HCTSA","487549-NE","487549",1.2,0.3,"A69-9007-6140","A69-9007","A69-9007-6140",169,NA,NA,"ADC","2022-02-19 01:15:57","UTC",-80.78791,28.62577,"0101000020E61000003F8C101E6D3254C063D1747632A03C40",2022,2,19,50,1.26583333333333,"Titusville","","Fusco, K., et al. 2021.","HCTSA-A69-9007-6140-22313","Kirk Fusco (kirk.fusco@floridadep.gov)","Kirk Fusco (kirk.fusco@floridadep.gov)"
"HCTS","HCTS-A69-9007-6140-2022-02-17","Limulus polyphemus","horseshoe crab","2023-10-18","HCTSA","HCTSA","487551-W","487551",1.2,0.3,"A69-9007-6140","A69-9007","A69-9007-6140",169,NA,NA,"ADC","2022-02-19 01:15:59","UTC",-80.79027,28.62344,"0101000020E6100000A3409FC8933254C0AB048BC3999F3C40",2022,2,19,50,1.26638888888889,"Titusville","","Fusco, K., et al. 2021.","HCTSA-A69-9007-6140-22314","Kirk Fusco (kirk.fusco@floridadep.gov)","Kirk Fusco (kirk.fusco@floridadep.gov)"
"HCTS","HCTS-A69-9007-6140-2022-02-17","Limulus polyphemus","horseshoe crab","2023-10-18","HCTSA","HCTSA","487550-SE","487550",1.2,0.3,"A69-9007-6140","A69-9007","A69-9007-6140",169,NA,NA,"ADC","2022-02-19 01:16:00","UTC",-80.78626,28.6223,"0101000020E6100000CA897615523254C0014D840D4F9F3C40",2022,2,19,50,1.26666666666667,"Titusville","","Fusco, K., et al. 2021.","HCTSA-A69-9007-6140-22315","Kirk Fusco (kirk.fusco@floridadep.gov)","Kirk Fusco (kirk.fusco@floridadep.gov)"
"HCTS","HCTS-A69-9007-6140-2022-02-17","Limulus polyphemus","horseshoe crab","2023-10-18","HCTSA","HCTSA","487549-NE","487549",1.2,0.3,"A69-9007-6140","A69-9007","A69-9007-6140",169,NA,NA,"ADC","2022-02-19 01:20:42","UTC",-80.78791,28.62577,"0101000020E61000003F8C101E6D3254C063D1747632A03C40",2022,2,19,50,1.345,"Titusville","","Fusco, K., et al. 2021.","HCTSA-A69-9007-6140-22325","Kirk Fusco (kirk.fusco@floridadep.gov)","Kirk Fusco (kirk.fusco@floridadep.gov)"
"HCTS","HCTS-A69-9007-6140-2022-02-17","Limulus polyphemus","horseshoe crab","2023-10-18","HCTSA","HCTSA","487551-W","487551",1.2,0.3,"A69-9007-6140","A69-9007","A69-9007-6140",169,NA,NA,"ADC","2022-02-19 01:20:43","UTC",-80.79027,28.62344,"0101000020E6100000A3409FC8933254C0AB048BC3999F3C40",2022,2,19,50,1.34527777777778,"Titusville","","Fusco, K., et al. 2021.","HCTSA-A69-9007-6140-22326","Kirk Fusco (kirk.fusco@floridadep.gov)","Kirk Fusco (kirk.fusco@floridadep.gov)"
"HCTS","HCTS-A69-9007-6140-2022-02-17","Limulus polyphemus","horseshoe crab","2023-10-18","HCTSA","HCTSA","487549-NE","487549",1.2,0.3,"A69-9007-6140","A69-9007","A69-9007-6140",175,NA,NA,"ADC","2022-02-19 01:25:16","UTC",-80.78791,28.62577,"0101000020E61000003F8C101E6D3254C063D1747632A03C40",2022,2,19,50,1.42111111111111,"Titusville","","Fusco, K., et al. 2021.","HCTSA-A69-9007-6140-22332","Kirk Fusco (kirk.fusco@floridadep.gov)","Kirk Fusco (kirk.fusco@floridadep.gov)"
"HCTS","HCTS-A69-9007-6140-2022-02-17","Limulus polyphemus","horseshoe crab","2023-10-18","HCTSA","HCTSA","487551-W","487551",1.2,0.3,"A69-9007-6140","A69-9007","A69-9007-6140",175,NA,NA,"ADC","2022-02-19 01:25:17","UTC",-80.79027,28.62344,"0101000020E6100000A3409FC8933254C0AB048BC3999F3C40",2022,2,19,50,1.42138888888889,"Titusville","","Fusco, K., et al. 2021.","HCTSA-A69-9007-6140-22333","Kirk Fusco (kirk.fusco@floridadep.gov)","Kirk Fusco (kirk.fusco@floridadep.gov)"
"HCTS","HCTS-A69-9007-6140-2022-02-17","Limulus polyphemus","horseshoe crab","2023-10-18","HCTSA","HCTSA","487550-SE","487550",1.2,0.3,"A69-9007-6140","A69-9007","A69-9007-6140",175,NA,NA,"ADC","2022-02-19 01:25:18","UTC",-80.78626,28.6223,"0101000020E6100000CA897615523254C0014D840D4F9F3C40",2022,2,19,50,1.42166666666667,"Titusville","","Fusco, K., et al. 2021.","HCTSA-A69-9007-6140-22334","Kirk Fusco (kirk.fusco@floridadep.gov)","Kirk Fusco (kirk.fusco@floridadep.gov)"
"HCTS","HCTS-A69-9007-6140-2022-02-17","Limulus polyphemus","horseshoe crab","2023-10-18","HCTSA","HCTSA","487549-NE","487549",1.2,0.3,"A69-9007-6140","A69-9007","A69-9007-6140",178,NA,NA,"ADC","2022-02-19 01:29:28","UTC",-80.78791,28.62577,"0101000020E61000003F8C101E6D3254C063D1747632A03C40",2022,2,19,50,1.49111111111111,"Titusville","","Fusco, K., et al. 2021.","HCTSA-A69-9007-6140-22344","Kirk Fusco (kirk.fusco@floridadep.gov)","Kirk Fusco (kirk.fusco@floridadep.gov)"
"HCTS","HCTS-A69-9007-6140-2022-02-17","Limulus polyphemus","horseshoe crab","2023-10-18","HCTSA","HCTSA","487551-W","487551",1.2,0.3,"A69-9007-6140","A69-9007","A69-9007-6140",178,NA,NA,"ADC","2022-02-19 01:29:29","UTC",-80.79027,28.62344,"0101000020E6100000A3409FC8933254C0AB048BC3999F3C40",2022,2,19,50,1.49138888888889,"Titusville","","Fusco, K., et al. 2021.","HCTSA-A69-9007-6140-22345","Kirk Fusco (kirk.fusco@floridadep.gov)","Kirk Fusco (kirk.fusco@floridadep.gov)"
"HCTS","HCTS-A69-9007-6140-2022-02-17","Limulus polyphemus","horseshoe crab","2023-10-18","HCTSA","HCTSA","487549-NE","487549",1.2,0.3,"A69-9007-6140","A69-9007","A69-9007-6140",174,NA,NA,"ADC","2022-02-19 01:32:58","UTC",-80.78791,28.62577,"0101000020E61000003F8C101E6D3254C063D1747632A03C40",2022,2,19,50,1.54944444444444,"Titusville","","Fusco, K., et al. 2021.","HCTSA-A69-9007-6140-22352","Kirk Fusco (kirk.fusco@floridadep.gov)","Kirk Fusco (kirk.fusco@floridadep.gov)"
"HCTS","HCTS-A69-9007-6140-2022-02-17","Limulus polyphemus","horseshoe crab","2023-10-18","HCTSA","HCTSA","487549-NE","487549",1.2,0.3,"A69-9007-6140","A69-9007","A69-9007-6140",171,NA,NA,"ADC","2022-02-19 01:36:44","UTC",-80.78791,28.62577,"0101000020E61000003F8C101E6D3254C063D1747632A03C40",2022,2,19,50,1.61222222222222,"Titusville","","Fusco, K., et al. 2021.","HCTSA-A69-9007-6140-22355","Kirk Fusco (kirk.fusco@floridadep.gov)","Kirk Fusco (kirk.fusco@floridadep.gov)"
"HCTS","HCTS-A69-9007-6140-2022-02-17","Limulus polyphemus","horseshoe crab","2023-10-18","HCTSA","HCTSA","487551-W","487551",1.2,0.3,"A69-9007-6140","A69-9007","A69-9007-6140",171,NA,NA,"ADC","2022-02-19 01:36:46","UTC",-80.79027,28.62344,"0101000020E6100000A3409FC8933254C0AB048BC3999F3C40",2022,2,19,50,1.61277777777778,"Titusville","","Fusco, K., et al. 2021.","HCTSA-A69-9007-6140-22356","Kirk Fusco (kirk.fusco@floridadep.gov)","Kirk Fusco (kirk.fusco@floridadep.gov)"
"HCTS","HCTS-A69-9007-6140-2022-02-17","Limulus polyphemus","horseshoe crab","2023-10-18","HCTSA","HCTSA","487550-SE","487550",1.2,0.3,"A69-9007-6140","A69-9007","A69-9007-6140",171,NA,NA,"ADC","2022-02-19 01:36:47","UTC",-80.78626,28.6223,"0101000020E6100000CA897615523254C0014D840D4F9F3C40",2022,2,19,50,1.61305555555556,"Titusville","","Fusco, K., et al. 2021.","HCTSA-A69-9007-6140-22359","Kirk Fusco (kirk.fusco@floridadep.gov)","Kirk Fusco (kirk.fusco@floridadep.gov)"
"HCTS","HCTS-A69-9007-6140-2022-02-17","Limulus polyphemus","horseshoe crab","2023-10-18","HCTSA","HCTSA","487549-NE","487549",1.2,0.3,"A69-9007-6140","A69-9007","A69-9007-6140",170,NA,NA,"ADC","2022-02-19 01:41:02","UTC",-80.78791,28.62577,"0101000020E61000003F8C101E6D3254C063D1747632A03C40",2022,2,19,50,1.68388888888889,"Titusville","","Fusco, K., et al. 2021.","HCTSA-A69-9007-6140-22368","Kirk Fusco (kirk.fusco@floridadep.gov)","Kirk Fusco (kirk.fusco@floridadep.gov)"
"HCTS","HCTS-A69-9007-6140-2022-02-17","Limulus polyphemus","horseshoe crab","2023-10-18","HCTSA","HCTSA","487551-W","487551",1.2,0.3,"A69-9007-6140","A69-9007","A69-9007-6140",170,NA,NA,"ADC","2022-02-19 01:41:04","UTC",-80.79027,28.62344,"0101000020E6100000A3409FC8933254C0AB048BC3999F3C40",2022,2,19,50,1.68444444444444,"Titusville","","Fusco, K., et al. 2021.","HCTSA-A69-9007-6140-22369","Kirk Fusco (kirk.fusco@floridadep.gov)","Kirk Fusco (kirk.fusco@floridadep.gov)"
"HCTS","HCTS-A69-9007-6140-2022-02-17","Limulus polyphemus","horseshoe crab","2023-10-18","HCTSA","HCTSA","487549-NE","487549",1.2,0.3,"A69-9007-6140","A69-9007","A69-9007-6140",169,NA,NA,"ADC","2022-02-19 01:44:44","UTC",-80.78791,28.62577,"0101000020E61000003F8C101E6D3254C063D1747632A03C40",2022,2,19,50,1.74555555555556,"Titusville","","Fusco, K., et al. 2021.","HCTSA-A69-9007-6140-22373","Kirk Fusco (kirk.fusco@floridadep.gov)","Kirk Fusco (kirk.fusco@floridadep.gov)"
"HCTS","HCTS-A69-9007-6140-2022-02-17","Limulus polyphemus","horseshoe crab","2023-10-18","HCTSA","HCTSA","487549-NE","487549",1.2,0.3,"A69-9007-6140","A69-9007","A69-9007-6140",170,NA,NA,"ADC","2022-02-19 01:48:52","UTC",-80.78791,28.62577,"0101000020E61000003F8C101E6D3254C063D1747632A03C40",2022,2,19,50,1.81444444444444,"Titusville","","Fusco, K., et al. 2021.","HCTSA-A69-9007-6140-22382","Kirk Fusco (kirk.fusco@floridadep.gov)","Kirk Fusco (kirk.fusco@floridadep.gov)"
"HCTS","HCTS-A69-9007-6140-2022-02-17","Limulus polyphemus","horseshoe crab","2023-10-18","HCTSA","HCTSA","487551-W","487551",1.2,0.3,"A69-9007-6140","A69-9007","A69-9007-6140",170,NA,NA,"ADC","2022-02-19 01:48:53","UTC",-80.79027,28.62344,"0101000020E6100000A3409FC8933254C0AB048BC3999F3C40",2022,2,19,50,1.81472222222222,"Titusville","","Fusco, K., et al. 2021.","HCTSA-A69-9007-6140-22383","Kirk Fusco (kirk.fusco@floridadep.gov)","Kirk Fusco (kirk.fusco@floridadep.gov)"
"HCTS","HCTS-A69-9007-6140-2022-02-17","Limulus polyphemus","horseshoe crab","2023-10-18","HCTSA","HCTSA","487549-NE","487549",1.2,0.3,"A69-9007-6140","A69-9007","A69-9007-6140",169,NA,NA,"ADC","2022-02-19 01:52:14","UTC",-80.78791,28.62577,"0101000020E61000003F8C101E6D3254C063D1747632A03C40",2022,2,19,50,1.87055555555556,"Titusville","","Fusco, K., et al. 2021.","HCTSA-A69-9007-6140-22388","Kirk Fusco (kirk.fusco@floridadep.gov)","Kirk Fusco (kirk.fusco@floridadep.gov)"
"HCTS","HCTS-A69-9007-6140-2022-02-17","Limulus polyphemus","horseshoe crab","2023-10-18","HCTSA","HCTSA","487549-NE","487549",1.2,0.3,"A69-9007-6140","A69-9007","A69-9007-6140",169,NA,NA,"ADC","2022-02-19 01:55:43","UTC",-80.78791,28.62577,"0101000020E61000003F8C101E6D3254C063D1747632A03C40",2022,2,19,50,1.92861111111111,"Titusville","","Fusco, K., et al. 2021.","HCTSA-A69-9007-6140-22393","Kirk Fusco (kirk.fusco@floridadep.gov)","Kirk Fusco (kirk.fusco@floridadep.gov)"
"HCTS","HCTS-A69-9007-6140-2022-02-17","Limulus polyphemus","horseshoe crab","2023-10-18","HCTSA","HCTSA","487549-NE","487549",1.2,0.3,"A69-9007-6140","A69-9007","A69-9007-6140",169,NA,NA,"ADC","2022-02-19 01:59:26","UTC",-80.78791,28.62577,"0101000020E61000003F8C101E6D3254C063D1747632A03C40",2022,2,19,50,1.99055555555556,"Titusville","","Fusco, K., et al. 2021.","HCTSA-A69-9007-6140-22401","Kirk Fusco (kirk.fusco@floridadep.gov)","Kirk Fusco (kirk.fusco@floridadep.gov)"
"HCTS","HCTS-A69-9007-6140-2022-02-17","Limulus polyphemus","horseshoe crab","2023-10-18","HCTSA","HCTSA","487549-NE","487549",1.2,0.3,"A69-9007-6140","A69-9007","A69-9007-6140",169,NA,NA,"ADC","2022-02-19 02:03:38","UTC",-80.78791,28.62577,"0101000020E61000003F8C101E6D3254C063D1747632A03C40",2022,2,19,50,2.06055555555556,"Titusville","","Fusco, K., et al. 2021.","HCTSA-A69-9007-6140-22405","Kirk Fusco (kirk.fusco@floridadep.gov)","Kirk Fusco (kirk.fusco@floridadep.gov)"
"HCTS","HCTS-A69-9007-6140-2022-02-17","Limulus polyphemus","horseshoe crab","2023-10-18","HCTSA","HCTSA","487549-NE","487549",1.2,0.3,"A69-9007-6140","A69-9007","A69-9007-6140",166,NA,NA,"ADC","2022-02-19 02:18:17","UTC",-80.78791,28.62577,"0101000020E61000003F8C101E6D3254C063D1747632A03C40",2022,2,19,50,2.30472222222222,"Titusville","","Fusco, K., et al. 2021.","HCTSA-A69-9007-6140-22424","Kirk Fusco (kirk.fusco@floridadep.gov)","Kirk Fusco (kirk.fusco@floridadep.gov)"
"HCTS","HCTS-A69-9007-6140-2022-02-17","Limulus polyphemus","horseshoe crab","2023-10-18","HCTSA","HCTSA","487549-NE","487549",1.2,0.3,"A69-9007-6140","A69-9007","A69-9007-6140",166,NA,NA,"ADC","2022-02-19 02:25:30","UTC",-80.78791,28.62577,"0101000020E61000003F8C101E6D3254C063D1747632A03C40",2022,2,19,50,2.425,"Titusville","","Fusco, K., et al. 2021.","HCTSA-A69-9007-6140-22436","Kirk Fusco (kirk.fusco@floridadep.gov)","Kirk Fusco (kirk.fusco@floridadep.gov)"
"HCTS","HCTS-A69-9007-6140-2022-02-17","Limulus polyphemus","horseshoe crab","2023-10-18","HCTSA","HCTSA","487549-NE","487549",1.2,0.3,"A69-9007-6140","A69-9007","A69-9007-6140",166,NA,NA,"ADC","2022-02-19 02:29:44","UTC",-80.78791,28.62577,"0101000020E61000003F8C101E6D3254C063D1747632A03C40",2022,2,19,50,2.49555555555556,"Titusville","","Fusco, K., et al. 2021.","HCTSA-A69-9007-6140-22444","Kirk Fusco (kirk.fusco@floridadep.gov)","Kirk Fusco (kirk.fusco@floridadep.gov)"
"HCTS","HCTS-A69-9007-6140-2022-02-17","Limulus polyphemus","horseshoe crab","2023-10-18","HCTSA","HCTSA","487549-NE","487549",1.2,0.3,"A69-9007-6140","A69-9007","A69-9007-6140",165,NA,NA,"ADC","2022-02-19 02:33:17","UTC",-80.78791,28.62577,"0101000020E61000003F8C101E6D3254C063D1747632A03C40",2022,2,19,50,2.55472222222222,"Titusville","","Fusco, K., et al. 2021.","HCTSA-A69-9007-6140-22446","Kirk Fusco (kirk.fusco@floridadep.gov)","Kirk Fusco (kirk.fusco@floridadep.gov)"
"HCTS","HCTS-A69-9007-6140-2022-02-17","Limulus polyphemus","horseshoe crab","2023-10-18","HCTSA","HCTSA","487549-NE","487549",1.2,0.3,"A69-9007-6140","A69-9007","A69-9007-6140",165,NA,NA,"ADC","2022-02-19 02:37:09","UTC",-80.78791,28.62577,"0101000020E61000003F8C101E6D3254C063D1747632A03C40",2022,2,19,50,2.61916666666667,"Titusville","","Fusco, K., et al. 2021.","HCTSA-A69-9007-6140-22450","Kirk Fusco (kirk.fusco@floridadep.gov)","Kirk Fusco (kirk.fusco@floridadep.gov)"
"HCTS","HCTS-A69-9007-6140-2022-02-17","Limulus polyphemus","horseshoe crab","2023-10-18","HCTSA","HCTSA","487549-NE","487549",1.2,0.3,"A69-9007-6140","A69-9007","A69-9007-6140",165,NA,NA,"ADC","2022-02-19 02:41:39","UTC",-80.78791,28.62577,"0101000020E61000003F8C101E6D3254C063D1747632A03C40",2022,2,19,50,2.69416666666667,"Titusville","","Fusco, K., et al. 2021.","HCTSA-A69-9007-6140-22458","Kirk Fusco (kirk.fusco@floridadep.gov)","Kirk Fusco (kirk.fusco@floridadep.gov)"
"HCTS","HCTS-A69-9007-6140-2022-02-17","Limulus polyphemus","horseshoe crab","2023-10-18","HCTSA","HCTSA","487549-NE","487549",1.2,0.3,"A69-9007-6140","A69-9007","A69-9007-6140",165,NA,NA,"ADC","2022-02-19 02:45:43","UTC",-80.78791,28.62577,"0101000020E61000003F8C101E6D3254C063D1747632A03C40",2022,2,19,50,2.76194444444444,"Titusville","","Fusco, K., et al. 2021.","HCTSA-A69-9007-6140-22463","Kirk Fusco (kirk.fusco@floridadep.gov)","Kirk Fusco (kirk.fusco@floridadep.gov)"
"HCTS","HCTS-A69-9007-6140-2022-02-17","Limulus polyphemus","horseshoe crab","2023-10-18","HCTSA","HCTSA","487549-NE","487549",1.2,0.3,"A69-9007-6140","A69-9007","A69-9007-6140",164,NA,NA,"ADC","2022-02-19 02:55:27","UTC",-80.78791,28.62577,"0101000020E61000003F8C101E6D3254C063D1747632A03C40",2022,2,19,50,2.92416666666667,"Titusville","","Fusco, K., et al. 2021.","HCTSA-A69-9007-6140-22474","Kirk Fusco (kirk.fusco@floridadep.gov)","Kirk Fusco (kirk.fusco@floridadep.gov)"
"HCTS","HCTS-A69-9007-6140-2022-02-17","Limulus polyphemus","horseshoe crab","2023-10-18","HCTSA","HCTSA","487549-NE","487549",1.2,0.3,"A69-9007-6140","A69-9007","A69-9007-6140",164,NA,NA,"ADC","2022-02-19 03:00:16","UTC",-80.78791,28.62577,"0101000020E61000003F8C101E6D3254C063D1747632A03C40",2022,2,19,50,3.00444444444444,"Titusville","","Fusco, K., et al. 2021.","HCTSA-A69-9007-6140-22483","Kirk Fusco (kirk.fusco@floridadep.gov)","Kirk Fusco (kirk.fusco@floridadep.gov)"
"HCTS","HCTS-A69-9007-6140-2022-02-17","Limulus polyphemus","horseshoe crab","2023-10-18","HCTSA","HCTSA","487549-NE","487549",1.2,0.3,"A69-9007-6140","A69-9007","A69-9007-6140",164,NA,NA,"ADC","2022-02-19 03:04:59","UTC",-80.78791,28.62577,"0101000020E61000003F8C101E6D3254C063D1747632A03C40",2022,2,19,50,3.08305555555556,"Titusville","","Fusco, K., et al. 2021.","HCTSA-A69-9007-6140-22488","Kirk Fusco (kirk.fusco@floridadep.gov)","Kirk Fusco (kirk.fusco@floridadep.gov)"
"HCTS","HCTS-A69-9007-6140-2022-02-17","Limulus polyphemus","horseshoe crab","2023-10-18","HCTSA","HCTSA","487549-NE","487549",1.2,0.3,"A69-9007-6140","A69-9007","A69-9007-6140",163,NA,NA,"ADC","2022-02-19 03:17:04","UTC",-80.78791,28.62577,"0101000020E61000003F8C101E6D3254C063D1747632A03C40",2022,2,19,50,3.28444444444444,"Titusville","","Fusco, K., et al. 2021.","HCTSA-A69-9007-6140-22503","Kirk Fusco (kirk.fusco@floridadep.gov)","Kirk Fusco (kirk.fusco@floridadep.gov)"
"HCTS","HCTS-A69-9007-6140-2022-02-17","Limulus polyphemus","horseshoe crab","2023-10-18","HCTSA","HCTSA","487551-W","487551",1.2,0.3,"A69-9007-6140","A69-9007","A69-9007-6140",163,NA,NA,"ADC","2022-02-19 03:20:40","UTC",-80.79027,28.62344,"0101000020E6100000A3409FC8933254C0AB048BC3999F3C40",2022,2,19,50,3.34444444444444,"Titusville","","Fusco, K., et al. 2021.","HCTSA-A69-9007-6140-22508","Kirk Fusco (kirk.fusco@floridadep.gov)","Kirk Fusco (kirk.fusco@floridadep.gov)"
"HCTS","HCTS-A69-9007-6140-2022-02-17","Limulus polyphemus","horseshoe crab","2023-10-18","HCTSA","HCTSA","487550-SE","487550",1.2,0.3,"A69-9007-6140","A69-9007","A69-9007-6140",163,NA,NA,"ADC","2022-02-19 03:20:42","UTC",-80.78626,28.6223,"0101000020E6100000CA897615523254C0014D840D4F9F3C40",2022,2,19,50,3.345,"Titusville","","Fusco, K., et al. 2021.","HCTSA-A69-9007-6140-22509","Kirk Fusco (kirk.fusco@floridadep.gov)","Kirk Fusco (kirk.fusco@floridadep.gov)"
"HCTS","HCTS-A69-9007-6140-2022-02-17","Limulus polyphemus","horseshoe crab","2023-10-18","HCTSA","HCTSA","487551-W","487551",1.2,0.3,"A69-9007-6140","A69-9007","A69-9007-6140",163,NA,NA,"ADC","2022-02-19 03:24:35","UTC",-80.79027,28.62344,"0101000020E6100000A3409FC8933254C0AB048BC3999F3C40",2022,2,19,50,3.40972222222222,"Titusville","","Fusco, K., et al. 2021.","HCTSA-A69-9007-6140-22515","Kirk Fusco (kirk.fusco@floridadep.gov)","Kirk Fusco (kirk.fusco@floridadep.gov)"
"HCTS","HCTS-A69-9007-6140-2022-02-17","Limulus polyphemus","horseshoe crab","2023-10-18","HCTSA","HCTSA","487550-SE","487550",1.2,0.3,"A69-9007-6140","A69-9007","A69-9007-6140",163,NA,NA,"ADC","2022-02-19 03:24:36","UTC",-80.78626,28.6223,"0101000020E6100000CA897615523254C0014D840D4F9F3C40",2022,2,19,50,3.41,"Titusville","","Fusco, K., et al. 2021.","HCTSA-A69-9007-6140-22517","Kirk Fusco (kirk.fusco@floridadep.gov)","Kirk Fusco (kirk.fusco@floridadep.gov)"
"HCTS","HCTS-A69-9007-6140-2022-02-17","Limulus polyphemus","horseshoe crab","2023-10-18","HCTSA","HCTSA","487549-NE","487549",1.2,0.3,"A69-9007-6140","A69-9007","A69-9007-6140",163,NA,NA,"ADC","2022-02-19 03:29:08","UTC",-80.78791,28.62577,"0101000020E61000003F8C101E6D3254C063D1747632A03C40",2022,2,19,50,3.48555555555556,"Titusville","","Fusco, K., et al. 2021.","HCTSA-A69-9007-6140-22522","Kirk Fusco (kirk.fusco@floridadep.gov)","Kirk Fusco (kirk.fusco@floridadep.gov)"
"HCTS","HCTS-A69-9007-6140-2022-02-17","Limulus polyphemus","horseshoe crab","2023-10-18","HCTSA","HCTSA","487551-W","487551",1.2,0.3,"A69-9007-6140","A69-9007","A69-9007-6140",163,NA,NA,"ADC","2022-02-19 03:29:09","UTC",-80.79027,28.62344,"0101000020E6100000A3409FC8933254C0AB048BC3999F3C40",2022,2,19,50,3.48583333333333,"Titusville","","Fusco, K., et al. 2021.","HCTSA-A69-9007-6140-22523","Kirk Fusco (kirk.fusco@floridadep.gov)","Kirk Fusco (kirk.fusco@floridadep.gov)"
"HCTS","HCTS-A69-9007-6140-2022-02-17","Limulus polyphemus","horseshoe crab","2023-10-18","HCTSA","HCTSA","487549-NE","487549",1.2,0.3,"A69-9007-6140","A69-9007","A69-9007-6140",163,NA,NA,"ADC","2022-02-19 03:33:23","UTC",-80.78791,28.62577,"0101000020E61000003F8C101E6D3254C063D1747632A03C40",2022,2,19,50,3.55638888888889,"Titusville","","Fusco, K., et al. 2021.","HCTSA-A69-9007-6140-22532","Kirk Fusco (kirk.fusco@floridadep.gov)","Kirk Fusco (kirk.fusco@floridadep.gov)"
"HCTS","HCTS-A69-9007-6140-2022-02-17","Limulus polyphemus","horseshoe crab","2023-10-18","HCTSA","HCTSA","487551-W","487551",1.2,0.3,"A69-9007-6140","A69-9007","A69-9007-6140",163,NA,NA,"ADC","2022-02-19 03:33:24","UTC",-80.79027,28.62344,"0101000020E6100000A3409FC8933254C0AB048BC3999F3C40",2022,2,19,50,3.55666666666667,"Titusville","","Fusco, K., et al. 2021.","HCTSA-A69-9007-6140-22533","Kirk Fusco (kirk.fusco@floridadep.gov)","Kirk Fusco (kirk.fusco@floridadep.gov)"
"HCTS","HCTS-A69-9007-6140-2022-02-17","Limulus polyphemus","horseshoe crab","2023-10-18","HCTSA","HCTSA","487549-NE","487549",1.2,0.3,"A69-9007-6140","A69-9007","A69-9007-6140",163,NA,NA,"ADC","2022-02-19 03:36:58","UTC",-80.78791,28.62577,"0101000020E61000003F8C101E6D3254C063D1747632A03C40",2022,2,19,50,3.61611111111111,"Titusville","","Fusco, K., et al. 2021.","HCTSA-A69-9007-6140-22537","Kirk Fusco (kirk.fusco@floridadep.gov)","Kirk Fusco (kirk.fusco@floridadep.gov)"
"HCTS","HCTS-A69-9007-6140-2022-02-17","Limulus polyphemus","horseshoe crab","2023-10-18","HCTSA","HCTSA","487551-W","487551",1.2,0.3,"A69-9007-6140","A69-9007","A69-9007-6140",163,NA,NA,"ADC","2022-02-19 03:36:59","UTC",-80.79027,28.62344,"0101000020E6100000A3409FC8933254C0AB048BC3999F3C40",2022,2,19,50,3.61638888888889,"Titusville","","Fusco, K., et al. 2021.","HCTSA-A69-9007-6140-22538","Kirk Fusco (kirk.fusco@floridadep.gov)","Kirk Fusco (kirk.fusco@floridadep.gov)"
"HCTS","HCTS-A69-9007-6140-2022-02-17","Limulus polyphemus","horseshoe crab","2023-10-18","HCTSA","HCTSA","487549-NE","487549",1.2,0.3,"A69-9007-6140","A69-9007","A69-9007-6140",163,NA,NA,"ADC","2022-02-19 03:40:53","UTC",-80.78791,28.62577,"0101000020E61000003F8C101E6D3254C063D1747632A03C40",2022,2,19,50,3.68138888888889,"Titusville","","Fusco, K., et al. 2021.","HCTSA-A69-9007-6140-22546","Kirk Fusco (kirk.fusco@floridadep.gov)","Kirk Fusco (kirk.fusco@floridadep.gov)"
"HCTS","HCTS-A69-9007-6140-2022-02-17","Limulus polyphemus","horseshoe crab","2023-10-18","HCTSA","HCTSA","487551-W","487551",1.2,0.3,"A69-9007-6140","A69-9007","A69-9007-6140",163,NA,NA,"ADC","2022-02-19 03:40:54","UTC",-80.79027,28.62344,"0101000020E6100000A3409FC8933254C0AB048BC3999F3C40",2022,2,19,50,3.68166666666667,"Titusville","","Fusco, K., et al. 2021.","HCTSA-A69-9007-6140-22547","Kirk Fusco (kirk.fusco@floridadep.gov)","Kirk Fusco (kirk.fusco@floridadep.gov)"
"HCTS","HCTS-A69-9007-6140-2022-02-17","Limulus polyphemus","horseshoe crab","2023-10-18","HCTSA","HCTSA","487550-SE","487550",1.2,0.3,"A69-9007-6140","A69-9007","A69-9007-6140",163,NA,NA,"ADC","2022-02-19 03:40:55","UTC",-80.78626,28.6223,"0101000020E6100000CA897615523254C0014D840D4F9F3C40",2022,2,19,50,3.68194444444444,"Titusville","","Fusco, K., et al. 2021.","HCTSA-A69-9007-6140-22550","Kirk Fusco (kirk.fusco@floridadep.gov)","Kirk Fusco (kirk.fusco@floridadep.gov)"
"HCTS","HCTS-A69-9007-6140-2022-02-17","Limulus polyphemus","horseshoe crab","2023-10-18","HCTSA","HCTSA","487549-NE","487549",1.2,0.3,"A69-9007-6140","A69-9007","A69-9007-6140",162,NA,NA,"ADC","2022-02-19 03:45:29","UTC",-80.78791,28.62577,"0101000020E61000003F8C101E6D3254C063D1747632A03C40",2022,2,19,50,3.75805555555556,"Titusville","","Fusco, K., et al. 2021.","HCTSA-A69-9007-6140-22557","Kirk Fusco (kirk.fusco@floridadep.gov)","Kirk Fusco (kirk.fusco@floridadep.gov)"
"HCTS","HCTS-A69-9007-6140-2022-02-17","Limulus polyphemus","horseshoe crab","2023-10-18","HCTSA","HCTSA","487551-W","487551",1.2,0.3,"A69-9007-6140","A69-9007","A69-9007-6140",162,NA,NA,"ADC","2022-02-19 03:45:30","UTC",-80.79027,28.62344,"0101000020E6100000A3409FC8933254C0AB048BC3999F3C40",2022,2,19,50,3.75833333333333,"Titusville","","Fusco, K., et al. 2021.","HCTSA-A69-9007-6140-22558","Kirk Fusco (kirk.fusco@floridadep.gov)","Kirk Fusco (kirk.fusco@floridadep.gov)"
"HCTS","HCTS-A69-9007-6140-2022-02-17","Limulus polyphemus","horseshoe crab","2023-10-18","HCTSA","HCTSA","487550-SE","487550",1.2,0.3,"A69-9007-6140","A69-9007","A69-9007-6140",162,NA,NA,"ADC","2022-02-19 03:45:32","UTC",-80.78626,28.6223,"0101000020E6100000CA897615523254C0014D840D4F9F3C40",2022,2,19,50,3.75888888888889,"Titusville","","Fusco, K., et al. 2021.","HCTSA-A69-9007-6140-22559","Kirk Fusco (kirk.fusco@floridadep.gov)","Kirk Fusco (kirk.fusco@floridadep.gov)"
"HCTS","HCTS-A69-9007-6140-2022-02-17","Limulus polyphemus","horseshoe crab","2023-10-18","HCTSA","HCTSA","487549-NE","487549",1.2,0.3,"A69-9007-6140","A69-9007","A69-9007-6140",161,NA,NA,"ADC","2022-02-19 03:49:47","UTC",-80.78791,28.62577,"0101000020E61000003F8C101E6D3254C063D1747632A03C40",2022,2,19,50,3.82972222222222,"Titusville","","Fusco, K., et al. 2021.","HCTSA-A69-9007-6140-22565","Kirk Fusco (kirk.fusco@floridadep.gov)","Kirk Fusco (kirk.fusco@floridadep.gov)"
"HCTS","HCTS-A69-9007-6140-2022-02-17","Limulus polyphemus","horseshoe crab","2023-10-18","HCTSA","HCTSA","487551-W","487551",1.2,0.3,"A69-9007-6140","A69-9007","A69-9007-6140",161,NA,NA,"ADC","2022-02-19 03:49:49","UTC",-80.79027,28.62344,"0101000020E6100000A3409FC8933254C0AB048BC3999F3C40",2022,2,19,50,3.83027777777778,"Titusville","","Fusco, K., et al. 2021.","HCTSA-A69-9007-6140-22566","Kirk Fusco (kirk.fusco@floridadep.gov)","Kirk Fusco (kirk.fusco@floridadep.gov)"
"HCTS","HCTS-A69-9007-6140-2022-02-17","Limulus polyphemus","horseshoe crab","2023-10-18","HCTSA","HCTSA","487550-SE","487550",1.2,0.3,"A69-9007-6140","A69-9007","A69-9007-6140",161,NA,NA,"ADC","2022-02-19 03:49:50","UTC",-80.78626,28.6223,"0101000020E6100000CA897615523254C0014D840D4F9F3C40",2022,2,19,50,3.83055555555556,"Titusville","","Fusco, K., et al. 2021.","HCTSA-A69-9007-6140-22567","Kirk Fusco (kirk.fusco@floridadep.gov)","Kirk Fusco (kirk.fusco@floridadep.gov)"
"HCTS","HCTS-A69-9007-6140-2022-02-17","Limulus polyphemus","horseshoe crab","2023-10-18","HCTSA","HCTSA","487549-NE","487549",1.2,0.3,"A69-9007-6140","A69-9007","A69-9007-6140",161,NA,NA,"ADC","2022-02-19 03:53:30","UTC",-80.78791,28.62577,"0101000020E61000003F8C101E6D3254C063D1747632A03C40",2022,2,19,50,3.89166666666667,"Titusville","","Fusco, K., et al. 2021.","HCTSA-A69-9007-6140-22575","Kirk Fusco (kirk.fusco@floridadep.gov)","Kirk Fusco (kirk.fusco@floridadep.gov)"
"HCTS","HCTS-A69-9007-6140-2022-02-17","Limulus polyphemus","horseshoe crab","2023-10-18","HCTSA","HCTSA","487550-SE","487550",1.2,0.3,"A69-9007-6140","A69-9007","A69-9007-6140",161,NA,NA,"ADC","2022-02-19 03:53:32","UTC",-80.78626,28.6223,"0101000020E6100000CA897615523254C0014D840D4F9F3C40",2022,2,19,50,3.89222222222222,"Titusville","","Fusco, K., et al. 2021.","HCTSA-A69-9007-6140-22576","Kirk Fusco (kirk.fusco@floridadep.gov)","Kirk Fusco (kirk.fusco@floridadep.gov)"
"HCTS","HCTS-A69-9007-6140-2022-02-17","Limulus polyphemus","horseshoe crab","2023-10-18","HCTSA","HCTSA","487549-NE","487549",1.2,0.3,"A69-9007-6140","A69-9007","A69-9007-6140",161,NA,NA,"ADC","2022-02-19 03:57:40","UTC",-80.78791,28.62577,"0101000020E61000003F8C101E6D3254C063D1747632A03C40",2022,2,19,50,3.96111111111111,"Titusville","","Fusco, K., et al. 2021.","HCTSA-A69-9007-6140-22579","Kirk Fusco (kirk.fusco@floridadep.gov)","Kirk Fusco (kirk.fusco@floridadep.gov)"
"HCTS","HCTS-A69-9007-6140-2022-02-17","Limulus polyphemus","horseshoe crab","2023-10-18","HCTSA","HCTSA","487551-W","487551",1.2,0.3,"A69-9007-6140","A69-9007","A69-9007-6140",161,NA,NA,"ADC","2022-02-19 03:57:41","UTC",-80.79027,28.62344,"0101000020E6100000A3409FC8933254C0AB048BC3999F3C40",2022,2,19,50,3.96138888888889,"Titusville","","Fusco, K., et al. 2021.","HCTSA-A69-9007-6140-22580","Kirk Fusco (kirk.fusco@floridadep.gov)","Kirk Fusco (kirk.fusco@floridadep.gov)"
"HCTS","HCTS-A69-9007-6140-2022-02-17","Limulus polyphemus","horseshoe crab","2023-10-18","HCTSA","HCTSA","487550-SE","487550",1.2,0.3,"A69-9007-6140","A69-9007","A69-9007-6140",161,NA,NA,"ADC","2022-02-19 03:57:43","UTC",-80.78626,28.6223,"0101000020E6100000CA897615523254C0014D840D4F9F3C40",2022,2,19,50,3.96194444444444,"Titusville","","Fusco, K., et al. 2021.","HCTSA-A69-9007-6140-22582","Kirk Fusco (kirk.fusco@floridadep.gov)","Kirk Fusco (kirk.fusco@floridadep.gov)"
"HCTS","HCTS-A69-9007-6140-2022-02-17","Limulus polyphemus","horseshoe crab","2023-10-18","HCTSA","HCTSA","487549-NE","487549",1.2,0.3,"A69-9007-6140","A69-9007","A69-9007-6140",161,NA,NA,"ADC","2022-02-19 04:01:07","UTC",-80.78791,28.62577,"0101000020E61000003F8C101E6D3254C063D1747632A03C40",2022,2,19,50,4.01861111111111,"Titusville","","Fusco, K., et al. 2021.","HCTSA-A69-9007-6140-22588","Kirk Fusco (kirk.fusco@floridadep.gov)","Kirk Fusco (kirk.fusco@floridadep.gov)"
"HCTS","HCTS-A69-9007-6140-2022-02-17","Limulus polyphemus","horseshoe crab","2023-10-18","HCTSA","HCTSA","487549-NE","487549",1.2,0.3,"A69-9007-6140","A69-9007","A69-9007-6140",161,NA,NA,"ADC","2022-02-19 04:04:45","UTC",-80.78791,28.62577,"0101000020E61000003F8C101E6D3254C063D1747632A03C40",2022,2,19,50,4.07916666666667,"Titusville","","Fusco, K., et al. 2021.","HCTSA-A69-9007-6140-22596","Kirk Fusco (kirk.fusco@floridadep.gov)","Kirk Fusco (kirk.fusco@floridadep.gov)"
"HCTS","HCTS-A69-9007-6140-2022-02-17","Limulus polyphemus","horseshoe crab","2023-10-18","HCTSA","HCTSA","487551-W","487551",1.2,0.3,"A69-9007-6140","A69-9007","A69-9007-6140",161,NA,NA,"ADC","2022-02-19 04:04:46","UTC",-80.79027,28.62344,"0101000020E6100000A3409FC8933254C0AB048BC3999F3C40",2022,2,19,50,4.07944444444444,"Titusville","","Fusco, K., et al. 2021.","HCTSA-A69-9007-6140-22597","Kirk Fusco (kirk.fusco@floridadep.gov)","Kirk Fusco (kirk.fusco@floridadep.gov)"
"HCTS","HCTS-A69-9007-6140-2022-02-17","Limulus polyphemus","horseshoe crab","2023-10-18","HCTSA","HCTSA","487549-NE","487549",1.2,0.3,"A69-9007-6140","A69-9007","A69-9007-6140",161,NA,NA,"ADC","2022-02-19 04:08:48","UTC",-80.78791,28.62577,"0101000020E61000003F8C101E6D3254C063D1747632A03C40",2022,2,19,50,4.14666666666667,"Titusville","","Fusco, K., et al. 2021.","HCTSA-A69-9007-6140-22601","Kirk Fusco (kirk.fusco@floridadep.gov)","Kirk Fusco (kirk.fusco@floridadep.gov)"
"HCTS","HCTS-A69-9007-6140-2022-02-17","Limulus polyphemus","horseshoe crab","2023-10-18","HCTSA","HCTSA","487551-W","487551",1.2,0.3,"A69-9007-6140","A69-9007","A69-9007-6140",161,NA,NA,"ADC","2022-02-19 04:08:49","UTC",-80.79027,28.62344,"0101000020E6100000A3409FC8933254C0AB048BC3999F3C40",2022,2,19,50,4.14694444444445,"Titusville","","Fusco, K., et al. 2021.","HCTSA-A69-9007-6140-22602","Kirk Fusco (kirk.fusco@floridadep.gov)","Kirk Fusco (kirk.fusco@floridadep.gov)"
"HCTS","HCTS-A69-9007-6140-2022-02-17","Limulus polyphemus","horseshoe crab","2023-10-18","HCTSA","HCTSA","487550-SE","487550",1.2,0.3,"A69-9007-6140","A69-9007","A69-9007-6140",161,NA,NA,"ADC","2022-02-19 04:08:50","UTC",-80.78626,28.6223,"0101000020E6100000CA897615523254C0014D840D4F9F3C40",2022,2,19,50,4.14722222222222,"Titusville","","Fusco, K., et al. 2021.","HCTSA-A69-9007-6140-22603","Kirk Fusco (kirk.fusco@floridadep.gov)","Kirk Fusco (kirk.fusco@floridadep.gov)"
"HCTS","HCTS-A69-9007-6140-2022-02-17","Limulus polyphemus","horseshoe crab","2023-10-18","HCTSA","HCTSA","487549-NE","487549",1.2,0.3,"A69-9007-6140","A69-9007","A69-9007-6140",161,NA,NA,"ADC","2022-02-19 04:13:38","UTC",-80.78791,28.62577,"0101000020E61000003F8C101E6D3254C063D1747632A03C40",2022,2,19,50,4.22722222222222,"Titusville","","Fusco, K., et al. 2021.","HCTSA-A69-9007-6140-22612","Kirk Fusco (kirk.fusco@floridadep.gov)","Kirk Fusco (kirk.fusco@floridadep.gov)"
"HCTS","HCTS-A69-9007-6140-2022-02-17","Limulus polyphemus","horseshoe crab","2023-10-18","HCTSA","HCTSA","487551-W","487551",1.2,0.3,"A69-9007-6140","A69-9007","A69-9007-6140",161,NA,NA,"ADC","2022-02-19 04:13:39","UTC",-80.79027,28.62344,"0101000020E6100000A3409FC8933254C0AB048BC3999F3C40",2022,2,19,50,4.2275,"Titusville","","Fusco, K., et al. 2021.","HCTSA-A69-9007-6140-22613","Kirk Fusco (kirk.fusco@floridadep.gov)","Kirk Fusco (kirk.fusco@floridadep.gov)"
"HCTS","HCTS-A69-9007-6140-2022-02-17","Limulus polyphemus","horseshoe crab","2023-10-18","HCTSA","HCTSA","487551-W","487551",1.2,0.3,"A69-9007-6140","A69-9007","A69-9007-6140",161,NA,NA,"ADC","2022-02-19 04:18:27","UTC",-80.79027,28.62344,"0101000020E6100000A3409FC8933254C0AB048BC3999F3C40",2022,2,19,50,4.3075,"Titusville","","Fusco, K., et al. 2021.","HCTSA-A69-9007-6140-22616","Kirk Fusco (kirk.fusco@floridadep.gov)","Kirk Fusco (kirk.fusco@floridadep.gov)"
"HCTS","HCTS-A69-9007-6140-2022-02-17","Limulus polyphemus","horseshoe crab","2023-10-18","HCTSA","HCTSA","487549-NE","487549",1.2,0.3,"A69-9007-6140","A69-9007","A69-9007-6140",161,NA,NA,"ADC","2022-02-19 04:23:05","UTC",-80.78791,28.62577,"0101000020E61000003F8C101E6D3254C063D1747632A03C40",2022,2,19,50,4.38472222222222,"Titusville","","Fusco, K., et al. 2021.","HCTSA-A69-9007-6140-22628","Kirk Fusco (kirk.fusco@floridadep.gov)","Kirk Fusco (kirk.fusco@floridadep.gov)"
"HCTS","HCTS-A69-9007-6140-2022-02-17","Limulus polyphemus","horseshoe crab","2023-10-18","HCTSA","HCTSA","487551-W","487551",1.2,0.3,"A69-9007-6140","A69-9007","A69-9007-6140",161,NA,NA,"ADC","2022-02-19 04:23:06","UTC",-80.79027,28.62344,"0101000020E6100000A3409FC8933254C0AB048BC3999F3C40",2022,2,19,50,4.385,"Titusville","","Fusco, K., et al. 2021.","HCTSA-A69-9007-6140-22629","Kirk Fusco (kirk.fusco@floridadep.gov)","Kirk Fusco (kirk.fusco@floridadep.gov)"
"HCTS","HCTS-A69-9007-6140-2022-02-17","Limulus polyphemus","horseshoe crab","2023-10-18","HCTSA","HCTSA","487550-SE","487550",1.2,0.3,"A69-9007-6140","A69-9007","A69-9007-6140",161,NA,NA,"ADC","2022-02-19 04:23:08","UTC",-80.78626,28.6223,"0101000020E6100000CA897615523254C0014D840D4F9F3C40",2022,2,19,50,4.38555555555556,"Titusville","","Fusco, K., et al. 2021.","HCTSA-A69-9007-6140-22630","Kirk Fusco (kirk.fusco@floridadep.gov)","Kirk Fusco (kirk.fusco@floridadep.gov)"
"HCTS","HCTS-A69-9007-6140-2022-02-17","Limulus polyphemus","horseshoe crab","2023-10-18","HCTSA","HCTSA","487551-W","487551",1.2,0.3,"A69-9007-6140","A69-9007","A69-9007-6140",161,NA,NA,"ADC","2022-02-19 04:27:31","UTC",-80.79027,28.62344,"0101000020E6100000A3409FC8933254C0AB048BC3999F3C40",2022,2,19,50,4.45861111111111,"Titusville","","Fusco, K., et al. 2021.","HCTSA-A69-9007-6140-22633","Kirk Fusco (kirk.fusco@floridadep.gov)","Kirk Fusco (kirk.fusco@floridadep.gov)"
"HCTS","HCTS-A69-9007-6140-2022-02-17","Limulus polyphemus","horseshoe crab","2023-10-18","HCTSA","HCTSA","487550-SE","487550",1.2,0.3,"A69-9007-6140","A69-9007","A69-9007-6140",161,NA,NA,"ADC","2022-02-19 04:27:33","UTC",-80.78626,28.6223,"0101000020E6100000CA897615523254C0014D840D4F9F3C40",2022,2,19,50,4.45916666666667,"Titusville","","Fusco, K., et al. 2021.","HCTSA-A69-9007-6140-22635","Kirk Fusco (kirk.fusco@floridadep.gov)","Kirk Fusco (kirk.fusco@floridadep.gov)"
"HCTS","HCTS-A69-9007-6140-2022-02-17","Limulus polyphemus","horseshoe crab","2023-10-18","HCTSA","HCTSA","487551-W","487551",1.2,0.3,"A69-9007-6140","A69-9007","A69-9007-6140",161,NA,NA,"ADC","2022-02-19 04:31:27","UTC",-80.79027,28.62344,"0101000020E6100000A3409FC8933254C0AB048BC3999F3C40",2022,2,19,50,4.52416666666667,"Titusville","","Fusco, K., et al. 2021.","HCTSA-A69-9007-6140-22642","Kirk Fusco (kirk.fusco@floridadep.gov)","Kirk Fusco (kirk.fusco@floridadep.gov)"
"HCTS","HCTS-A69-9007-6140-2022-02-17","Limulus polyphemus","horseshoe crab","2023-10-18","HCTSA","HCTSA","487550-SE","487550",1.2,0.3,"A69-9007-6140","A69-9007","A69-9007-6140",161,NA,NA,"ADC","2022-02-19 04:31:28","UTC",-80.78626,28.6223,"0101000020E6100000CA897615523254C0014D840D4F9F3C40",2022,2,19,50,4.52444444444444,"Titusville","","Fusco, K., et al. 2021.","HCTSA-A69-9007-6140-22645","Kirk Fusco (kirk.fusco@floridadep.gov)","Kirk Fusco (kirk.fusco@floridadep.gov)"
"HCTS","HCTS-A69-9007-6140-2022-02-17","Limulus polyphemus","horseshoe crab","2023-10-18","HCTSA","HCTSA","487551-W","487551",1.2,0.3,"A69-9007-6140","A69-9007","A69-9007-6140",161,NA,NA,"ADC","2022-02-19 04:36:03","UTC",-80.79027,28.62344,"0101000020E6100000A3409FC8933254C0AB048BC3999F3C40",2022,2,19,50,4.60083333333333,"Titusville","","Fusco, K., et al. 2021.","HCTSA-A69-9007-6140-22650","Kirk Fusco (kirk.fusco@floridadep.gov)","Kirk Fusco (kirk.fusco@floridadep.gov)"
"HCTS","HCTS-A69-9007-6140-2022-02-17","Limulus polyphemus","horseshoe crab","2023-10-18","HCTSA","HCTSA","487550-SE","487550",1.2,0.3,"A69-9007-6140","A69-9007","A69-9007-6140",161,NA,NA,"ADC","2022-02-19 04:36:05","UTC",-80.78626,28.6223,"0101000020E6100000CA897615523254C0014D840D4F9F3C40",2022,2,19,50,4.60138888888889,"Titusville","","Fusco, K., et al. 2021.","HCTSA-A69-9007-6140-22651","Kirk Fusco (kirk.fusco@floridadep.gov)","Kirk Fusco (kirk.fusco@floridadep.gov)"
"HCTS","HCTS-A69-9007-6140-2022-02-17","Limulus polyphemus","horseshoe crab","2023-10-18","HCTSA","HCTSA","487549-NE","487549",1.2,0.3,"A69-9007-6140","A69-9007","A69-9007-6140",161,NA,NA,"ADC","2022-02-19 04:40:21","UTC",-80.78791,28.62577,"0101000020E61000003F8C101E6D3254C063D1747632A03C40",2022,2,19,50,4.6725,"Titusville","","Fusco, K., et al. 2021.","HCTSA-A69-9007-6140-22658","Kirk Fusco (kirk.fusco@floridadep.gov)","Kirk Fusco (kirk.fusco@floridadep.gov)"
"HCTS","HCTS-A69-9007-6140-2022-02-17","Limulus polyphemus","horseshoe crab","2023-10-18","HCTSA","HCTSA","487551-W","487551",1.2,0.3,"A69-9007-6140","A69-9007","A69-9007-6140",161,NA,NA,"ADC","2022-02-19 04:40:22","UTC",-80.79027,28.62344,"0101000020E6100000A3409FC8933254C0AB048BC3999F3C40",2022,2,19,50,4.67277777777778,"Titusville","","Fusco, K., et al. 2021.","HCTSA-A69-9007-6140-22660","Kirk Fusco (kirk.fusco@floridadep.gov)","Kirk Fusco (kirk.fusco@floridadep.gov)"
"HCTS","HCTS-A69-9007-6140-2022-02-17","Limulus polyphemus","horseshoe crab","2023-10-18","HCTSA","HCTSA","487549-NE","487549",1.2,0.3,"A69-9007-6140","A69-9007","A69-9007-6140",161,NA,NA,"ADC","2022-02-19 04:44:05","UTC",-80.78791,28.62577,"0101000020E61000003F8C101E6D3254C063D1747632A03C40",2022,2,19,50,4.73472222222222,"Titusville","","Fusco, K., et al. 2021.","HCTSA-A69-9007-6140-22667","Kirk Fusco (kirk.fusco@floridadep.gov)","Kirk Fusco (kirk.fusco@floridadep.gov)"
"HCTS","HCTS-A69-9007-6140-2022-02-17","Limulus polyphemus","horseshoe crab","2023-10-18","HCTSA","HCTSA","487549-NE","487549",1.2,0.3,"A69-9007-6140","A69-9007","A69-9007-6140",161,NA,NA,"ADC","2022-02-19 04:48:19","UTC",-80.78791,28.62577,"0101000020E61000003F8C101E6D3254C063D1747632A03C40",2022,2,19,50,4.80527777777778,"Titusville","","Fusco, K., et al. 2021.","HCTSA-A69-9007-6140-22670","Kirk Fusco (kirk.fusco@floridadep.gov)","Kirk Fusco (kirk.fusco@floridadep.gov)"
"HCTS","HCTS-A69-9007-6140-2022-02-17","Limulus polyphemus","horseshoe crab","2023-10-18","HCTSA","HCTSA","487551-W","487551",1.2,0.3,"A69-9007-6140","A69-9007","A69-9007-6140",161,NA,NA,"ADC","2022-02-19 04:48:20","UTC",-80.79027,28.62344,"0101000020E6100000A3409FC8933254C0AB048BC3999F3C40",2022,2,19,50,4.80555555555556,"Titusville","","Fusco, K., et al. 2021.","HCTSA-A69-9007-6140-22671","Kirk Fusco (kirk.fusco@floridadep.gov)","Kirk Fusco (kirk.fusco@floridadep.gov)"
"HCTS","HCTS-A69-9007-6140-2022-02-17","Limulus polyphemus","horseshoe crab","2023-10-18","HCTSA","HCTSA","487551-W","487551",1.2,0.3,"A69-9007-6140","A69-9007","A69-9007-6140",161,NA,NA,"ADC","2022-02-19 04:51:53","UTC",-80.79027,28.62344,"0101000020E6100000A3409FC8933254C0AB048BC3999F3C40",2022,2,19,50,4.86472222222222,"Titusville","","Fusco, K., et al. 2021.","HCTSA-A69-9007-6140-22680","Kirk Fusco (kirk.fusco@floridadep.gov)","Kirk Fusco (kirk.fusco@floridadep.gov)"
"HCTS","HCTS-A69-9007-6140-2022-02-17","Limulus polyphemus","horseshoe crab","2023-10-18","HCTSA","HCTSA","487551-W","487551",1.2,0.3,"A69-9007-6140","A69-9007","A69-9007-6140",161,NA,NA,"ADC","2022-02-19 04:55:45","UTC",-80.79027,28.62344,"0101000020E6100000A3409FC8933254C0AB048BC3999F3C40",2022,2,19,50,4.92916666666667,"Titusville","","Fusco, K., et al. 2021.","HCTSA-A69-9007-6140-22685","Kirk Fusco (kirk.fusco@floridadep.gov)","Kirk Fusco (kirk.fusco@floridadep.gov)"
"HCTS","HCTS-A69-9007-6140-2022-02-17","Limulus polyphemus","horseshoe crab","2023-10-18","HCTSA","HCTSA","487549-NE","487549",1.2,0.3,"A69-9007-6140","A69-9007","A69-9007-6140",161,NA,NA,"ADC","2022-02-19 05:00:12","UTC",-80.78791,28.62577,"0101000020E61000003F8C101E6D3254C063D1747632A03C40",2022,2,19,50,5.00333333333333,"Titusville","","Fusco, K., et al. 2021.","HCTSA-A69-9007-6140-22692","Kirk Fusco (kirk.fusco@floridadep.gov)","Kirk Fusco (kirk.fusco@floridadep.gov)"
"HCTS","HCTS-A69-9007-6140-2022-02-17","Limulus polyphemus","horseshoe crab","2023-10-18","HCTSA","HCTSA","487551-W","487551",1.2,0.3,"A69-9007-6140","A69-9007","A69-9007-6140",161,NA,NA,"ADC","2022-02-19 05:00:13","UTC",-80.79027,28.62344,"0101000020E6100000A3409FC8933254C0AB048BC3999F3C40",2022,2,19,50,5.00361111111111,"Titusville","","Fusco, K., et al. 2021.","HCTSA-A69-9007-6140-22693","Kirk Fusco (kirk.fusco@floridadep.gov)","Kirk Fusco (kirk.fusco@floridadep.gov)"
"HCTS","HCTS-A69-9007-6140-2022-02-17","Limulus polyphemus","horseshoe crab","2023-10-18","HCTSA","HCTSA","487549-NE","487549",1.2,0.3,"A69-9007-6140","A69-9007","A69-9007-6140",162,NA,NA,"ADC","2022-02-19 05:04:16","UTC",-80.78791,28.62577,"0101000020E61000003F8C101E6D3254C063D1747632A03C40",2022,2,19,50,5.07111111111111,"Titusville","","Fusco, K., et al. 2021.","HCTSA-A69-9007-6140-22701","Kirk Fusco (kirk.fusco@floridadep.gov)","Kirk Fusco (kirk.fusco@floridadep.gov)"
"HCTS","HCTS-A69-9007-6140-2022-02-17","Limulus polyphemus","horseshoe crab","2023-10-18","HCTSA","HCTSA","487551-W","487551",1.2,0.3,"A69-9007-6140","A69-9007","A69-9007-6140",162,NA,NA,"ADC","2022-02-19 05:04:17","UTC",-80.79027,28.62344,"0101000020E6100000A3409FC8933254C0AB048BC3999F3C40",2022,2,19,50,5.07138888888889,"Titusville","","Fusco, K., et al. 2021.","HCTSA-A69-9007-6140-22702","Kirk Fusco (kirk.fusco@floridadep.gov)","Kirk Fusco (kirk.fusco@floridadep.gov)"
"HCTS","HCTS-A69-9007-6140-2022-02-17","Limulus polyphemus","horseshoe crab","2023-10-18","HCTSA","HCTSA","487551-W","487551",1.2,0.3,"A69-9007-6140","A69-9007","A69-9007-6140",161,NA,NA,"ADC","2022-02-19 05:09:09","UTC",-80.79027,28.62344,"0101000020E6100000A3409FC8933254C0AB048BC3999F3C40",2022,2,19,50,5.1525,"Titusville","","Fusco, K., et al. 2021.","HCTSA-A69-9007-6140-22704","Kirk Fusco (kirk.fusco@floridadep.gov)","Kirk Fusco (kirk.fusco@floridadep.gov)"
"HCTS","HCTS-A69-9007-6140-2022-02-17","Limulus polyphemus","horseshoe crab","2023-10-18","HCTSA","HCTSA","487551-W","487551",1.2,0.3,"A69-9007-6140","A69-9007","A69-9007-6140",162,NA,NA,"ADC","2022-02-19 05:13:59","UTC",-80.79027,28.62344,"0101000020E6100000A3409FC8933254C0AB048BC3999F3C40",2022,2,19,50,5.23305555555556,"Titusville","","Fusco, K., et al. 2021.","HCTSA-A69-9007-6140-22714","Kirk Fusco (kirk.fusco@floridadep.gov)","Kirk Fusco (kirk.fusco@floridadep.gov)"
"HCTS","HCTS-A69-9007-6140-2022-02-17","Limulus polyphemus","horseshoe crab","2023-10-18","HCTSA","HCTSA","487551-W","487551",1.2,0.3,"A69-9007-6140","A69-9007","A69-9007-6140",162,NA,NA,"ADC","2022-02-19 05:18:45","UTC",-80.79027,28.62344,"0101000020E6100000A3409FC8933254C0AB048BC3999F3C40",2022,2,19,50,5.3125,"Titusville","","Fusco, K., et al. 2021.","HCTSA-A69-9007-6140-22717","Kirk Fusco (kirk.fusco@floridadep.gov)","Kirk Fusco (kirk.fusco@floridadep.gov)"
"HCTS","HCTS-A69-9007-6140-2022-02-17","Limulus polyphemus","horseshoe crab","2023-10-18","HCTSA","HCTSA","487549-NE","487549",1.2,0.3,"A69-9007-6140","A69-9007","A69-9007-6140",162,NA,NA,"ADC","2022-02-19 05:23:21","UTC",-80.78791,28.62577,"0101000020E61000003F8C101E6D3254C063D1747632A03C40",2022,2,19,50,5.38916666666667,"Titusville","","Fusco, K., et al. 2021.","HCTSA-A69-9007-6140-22729","Kirk Fusco (kirk.fusco@floridadep.gov)","Kirk Fusco (kirk.fusco@floridadep.gov)"
"HCTS","HCTS-A69-9007-6140-2022-02-17","Limulus polyphemus","horseshoe crab","2023-10-18","HCTSA","HCTSA","487551-W","487551",1.2,0.3,"A69-9007-6140","A69-9007","A69-9007-6140",162,NA,NA,"ADC","2022-02-19 05:23:22","UTC",-80.79027,28.62344,"0101000020E6100000A3409FC8933254C0AB048BC3999F3C40",2022,2,19,50,5.38944444444444,"Titusville","","Fusco, K., et al. 2021.","HCTSA-A69-9007-6140-22730","Kirk Fusco (kirk.fusco@floridadep.gov)","Kirk Fusco (kirk.fusco@floridadep.gov)"
"HCTS","HCTS-A69-9007-6140-2022-02-17","Limulus polyphemus","horseshoe crab","2023-10-18","HCTSA","HCTSA","487549-NE","487549",1.2,0.3,"A69-9007-6140","A69-9007","A69-9007-6140",162,NA,NA,"ADC","2022-02-19 05:27:39","UTC",-80.78791,28.62577,"0101000020E61000003F8C101E6D3254C063D1747632A03C40",2022,2,19,50,5.46083333333333,"Titusville","","Fusco, K., et al. 2021.","HCTSA-A69-9007-6140-22735","Kirk Fusco (kirk.fusco@floridadep.gov)","Kirk Fusco (kirk.fusco@floridadep.gov)"
"HCTS","HCTS-A69-9007-6140-2022-02-17","Limulus polyphemus","horseshoe crab","2023-10-18","HCTSA","HCTSA","487551-W","487551",1.2,0.3,"A69-9007-6140","A69-9007","A69-9007-6140",162,NA,NA,"ADC","2022-02-19 05:27:40","UTC",-80.79027,28.62344,"0101000020E6100000A3409FC8933254C0AB048BC3999F3C40",2022,2,19,50,5.46111111111111,"Titusville","","Fusco, K., et al. 2021.","HCTSA-A69-9007-6140-22736","Kirk Fusco (kirk.fusco@floridadep.gov)","Kirk Fusco (kirk.fusco@floridadep.gov)"
"HCTS","HCTS-A69-9007-6140-2022-02-17","Limulus polyphemus","horseshoe crab","2023-10-18","HCTSA","HCTSA","487549-NE","487549",1.2,0.3,"A69-9007-6140","A69-9007","A69-9007-6140",161,NA,NA,"ADC","2022-02-19 05:31:22","UTC",-80.78791,28.62577,"0101000020E61000003F8C101E6D3254C063D1747632A03C40",2022,2,19,50,5.52277777777778,"Titusville","","Fusco, K., et al. 2021.","HCTSA-A69-9007-6140-22743","Kirk Fusco (kirk.fusco@floridadep.gov)","Kirk Fusco (kirk.fusco@floridadep.gov)"
"HCTS","HCTS-A69-9007-6140-2022-02-17","Limulus polyphemus","horseshoe crab","2023-10-18","HCTSA","HCTSA","487551-W","487551",1.2,0.3,"A69-9007-6140","A69-9007","A69-9007-6140",161,NA,NA,"ADC","2022-02-19 05:31:23","UTC",-80.79027,28.62344,"0101000020E6100000A3409FC8933254C0AB048BC3999F3C40",2022,2,19,50,5.52305555555556,"Titusville","","Fusco, K., et al. 2021.","HCTSA-A69-9007-6140-22744","Kirk Fusco (kirk.fusco@floridadep.gov)","Kirk Fusco (kirk.fusco@floridadep.gov)"
"HCTS","HCTS-A69-9007-6140-2022-02-17","Limulus polyphemus","horseshoe crab","2023-10-18","HCTSA","HCTSA","487551-W","487551",1.2,0.3,"A69-9007-6140","A69-9007","A69-9007-6140",162,NA,NA,"ADC","2022-02-19 05:35:34","UTC",-80.79027,28.62344,"0101000020E6100000A3409FC8933254C0AB048BC3999F3C40",2022,2,19,50,5.59277777777778,"Titusville","","Fusco, K., et al. 2021.","HCTSA-A69-9007-6140-22749","Kirk Fusco (kirk.fusco@floridadep.gov)","Kirk Fusco (kirk.fusco@floridadep.gov)"
"HCTS","HCTS-A69-9007-6140-2022-02-17","Limulus polyphemus","horseshoe crab","2023-10-18","HCTSA","HCTSA","487551-W","487551",1.2,0.3,"A69-9007-6140","A69-9007","A69-9007-6140",161,NA,NA,"ADC","2022-02-19 05:39:02","UTC",-80.79027,28.62344,"0101000020E6100000A3409FC8933254C0AB048BC3999F3C40",2022,2,19,50,5.65055555555556,"Titusville","","Fusco, K., et al. 2021.","HCTSA-A69-9007-6140-22751","Kirk Fusco (kirk.fusco@floridadep.gov)","Kirk Fusco (kirk.fusco@floridadep.gov)"
"HCTS","HCTS-A69-9007-6140-2022-02-17","Limulus polyphemus","horseshoe crab","2023-10-18","HCTSA","HCTSA","487549-NE","487549",1.2,0.3,"A69-9007-6140","A69-9007","A69-9007-6140",163,NA,NA,"ADC","2022-02-19 05:42:43","UTC",-80.78791,28.62577,"0101000020E61000003F8C101E6D3254C063D1747632A03C40",2022,2,19,50,5.71194444444444,"Titusville","","Fusco, K., et al. 2021.","HCTSA-A69-9007-6140-22757","Kirk Fusco (kirk.fusco@floridadep.gov)","Kirk Fusco (kirk.fusco@floridadep.gov)"
"HCTS","HCTS-A69-9007-6140-2022-02-17","Limulus polyphemus","horseshoe crab","2023-10-18","HCTSA","HCTSA","487551-W","487551",1.2,0.3,"A69-9007-6140","A69-9007","A69-9007-6140",163,NA,NA,"ADC","2022-02-19 05:42:44","UTC",-80.79027,28.62344,"0101000020E6100000A3409FC8933254C0AB048BC3999F3C40",2022,2,19,50,5.71222222222222,"Titusville","","Fusco, K., et al. 2021.","HCTSA-A69-9007-6140-22758","Kirk Fusco (kirk.fusco@floridadep.gov)","Kirk Fusco (kirk.fusco@floridadep.gov)"
"HCTS","HCTS-A69-9007-6140-2022-02-17","Limulus polyphemus","horseshoe crab","2023-10-18","HCTSA","HCTSA","487550-SE","487550",1.2,0.3,"A69-9007-6140","A69-9007","A69-9007-6140",163,NA,NA,"ADC","2022-02-19 05:42:45","UTC",-80.78626,28.6223,"0101000020E6100000CA897615523254C0014D840D4F9F3C40",2022,2,19,50,5.7125,"Titusville","","Fusco, K., et al. 2021.","HCTSA-A69-9007-6140-22759","Kirk Fusco (kirk.fusco@floridadep.gov)","Kirk Fusco (kirk.fusco@floridadep.gov)"
"HCTS","HCTS-A69-9007-6140-2022-02-17","Limulus polyphemus","horseshoe crab","2023-10-18","HCTSA","HCTSA","487551-W","487551",1.2,0.3,"A69-9007-6140","A69-9007","A69-9007-6140",163,NA,NA,"ADC","2022-02-19 05:46:52","UTC",-80.79027,28.62344,"0101000020E6100000A3409FC8933254C0AB048BC3999F3C40",2022,2,19,50,5.78111111111111,"Titusville","","Fusco, K., et al. 2021.","HCTSA-A69-9007-6140-22764","Kirk Fusco (kirk.fusco@floridadep.gov)","Kirk Fusco (kirk.fusco@floridadep.gov)"
"HCTS","HCTS-A69-9007-6140-2022-02-17","Limulus polyphemus","horseshoe crab","2023-10-18","HCTSA","HCTSA","487549-NE","487549",1.2,0.3,"A69-9007-6140","A69-9007","A69-9007-6140",163,NA,NA,"ADC","2022-02-19 05:53:41","UTC",-80.78791,28.62577,"0101000020E61000003F8C101E6D3254C063D1747632A03C40",2022,2,19,50,5.89472222222222,"Titusville","","Fusco, K., et al. 2021.","HCTSA-A69-9007-6140-22773","Kirk Fusco (kirk.fusco@floridadep.gov)","Kirk Fusco (kirk.fusco@floridadep.gov)"
"HCTS","HCTS-A69-9007-6140-2022-02-17","Limulus polyphemus","horseshoe crab","2023-10-18","HCTSA","HCTSA","487551-W","487551",1.2,0.3,"A69-9007-6140","A69-9007","A69-9007-6140",163,NA,NA,"ADC","2022-02-19 05:53:42","UTC",-80.79027,28.62344,"0101000020E6100000A3409FC8933254C0AB048BC3999F3C40",2022,2,19,50,5.895,"Titusville","","Fusco, K., et al. 2021.","HCTSA-A69-9007-6140-22774","Kirk Fusco (kirk.fusco@floridadep.gov)","Kirk Fusco (kirk.fusco@floridadep.gov)"
"HCTS","HCTS-A69-9007-6140-2022-02-17","Limulus polyphemus","horseshoe crab","2023-10-18","HCTSA","HCTSA","487551-W","487551",1.2,0.3,"A69-9007-6140","A69-9007","A69-9007-6140",163,NA,NA,"ADC","2022-02-19 06:01:37","UTC",-80.79027,28.62344,"0101000020E6100000A3409FC8933254C0AB048BC3999F3C40",2022,2,19,50,6.02694444444444,"Titusville","","Fusco, K., et al. 2021.","HCTSA-A69-9007-6140-22784","Kirk Fusco (kirk.fusco@floridadep.gov)","Kirk Fusco (kirk.fusco@floridadep.gov)"
"HCTS","HCTS-A69-9007-6140-2022-02-17","Limulus polyphemus","horseshoe crab","2023-10-18","HCTSA","HCTSA","487549-NE","487549",1.2,0.3,"A69-9007-6140","A69-9007","A69-9007-6140",163,NA,NA,"ADC","2022-02-19 06:05:05","UTC",-80.78791,28.62577,"0101000020E61000003F8C101E6D3254C063D1747632A03C40",2022,2,19,50,6.08472222222222,"Titusville","","Fusco, K., et al. 2021.","HCTSA-A69-9007-6140-22786","Kirk Fusco (kirk.fusco@floridadep.gov)","Kirk Fusco (kirk.fusco@floridadep.gov)"
"HCTS","HCTS-A69-9007-6140-2022-02-17","Limulus polyphemus","horseshoe crab","2023-10-18","HCTSA","HCTSA","487551-W","487551",1.2,0.3,"A69-9007-6140","A69-9007","A69-9007-6140",163,NA,NA,"ADC","2022-02-19 06:05:06","UTC",-80.79027,28.62344,"0101000020E6100000A3409FC8933254C0AB048BC3999F3C40",2022,2,19,50,6.085,"Titusville","","Fusco, K., et al. 2021.","HCTSA-A69-9007-6140-22787","Kirk Fusco (kirk.fusco@floridadep.gov)","Kirk Fusco (kirk.fusco@floridadep.gov)"
"HCTS","HCTS-A69-9007-6140-2022-02-17","Limulus polyphemus","horseshoe crab","2023-10-18","HCTSA","HCTSA","487551-W","487551",1.2,0.3,"A69-9007-6140","A69-9007","A69-9007-6140",163,NA,NA,"ADC","2022-02-19 06:08:49","UTC",-80.79027,28.62344,"0101000020E6100000A3409FC8933254C0AB048BC3999F3C40",2022,2,19,50,6.14694444444445,"Titusville","","Fusco, K., et al. 2021.","HCTSA-A69-9007-6140-22791","Kirk Fusco (kirk.fusco@floridadep.gov)","Kirk Fusco (kirk.fusco@floridadep.gov)"
"HCTS","HCTS-A69-9007-6140-2022-02-17","Limulus polyphemus","horseshoe crab","2023-10-18","HCTSA","HCTSA","487551-W","487551",1.2,0.3,"A69-9007-6140","A69-9007","A69-9007-6140",163,NA,NA,"ADC","2022-02-19 06:13:02","UTC",-80.79027,28.62344,"0101000020E6100000A3409FC8933254C0AB048BC3999F3C40",2022,2,19,50,6.21722222222222,"Titusville","","Fusco, K., et al. 2021.","HCTSA-A69-9007-6140-22798","Kirk Fusco (kirk.fusco@floridadep.gov)","Kirk Fusco (kirk.fusco@floridadep.gov)"
"HCTS","HCTS-A69-9007-6140-2022-02-17","Limulus polyphemus","horseshoe crab","2023-10-18","HCTSA","HCTSA","487551-W","487551",1.2,0.3,"A69-9007-6140","A69-9007","A69-9007-6140",163,NA,NA,"ADC","2022-02-19 06:16:33","UTC",-80.79027,28.62344,"0101000020E6100000A3409FC8933254C0AB048BC3999F3C40",2022,2,19,50,6.27583333333333,"Titusville","","Fusco, K., et al. 2021.","HCTSA-A69-9007-6140-22804","Kirk Fusco (kirk.fusco@floridadep.gov)","Kirk Fusco (kirk.fusco@floridadep.gov)"
"HCTS","HCTS-A69-9007-6140-2022-02-17","Limulus polyphemus","horseshoe crab","2023-10-18","HCTSA","HCTSA","487549-NE","487549",1.2,0.3,"A69-9007-6140","A69-9007","A69-9007-6140",163,NA,NA,"ADC","2022-02-19 06:16:33","UTC",-80.78791,28.62577,"0101000020E61000003F8C101E6D3254C063D1747632A03C40",2022,2,19,50,6.27583333333333,"Titusville","","Fusco, K., et al. 2021.","HCTSA-A69-9007-6140-22803","Kirk Fusco (kirk.fusco@floridadep.gov)","Kirk Fusco (kirk.fusco@floridadep.gov)"
"HCTS","HCTS-A69-9007-6140-2022-02-17","Limulus polyphemus","horseshoe crab","2023-10-18","HCTSA","HCTSA","487549-NE","487549",1.2,0.3,"A69-9007-6140","A69-9007","A69-9007-6140",163,NA,NA,"ADC","2022-02-19 06:20:21","UTC",-80.78791,28.62577,"0101000020E61000003F8C101E6D3254C063D1747632A03C40",2022,2,19,50,6.33916666666667,"Titusville","","Fusco, K., et al. 2021.","HCTSA-A69-9007-6140-22809","Kirk Fusco (kirk.fusco@floridadep.gov)","Kirk Fusco (kirk.fusco@floridadep.gov)"
"HCTS","HCTS-A69-9007-6140-2022-02-17","Limulus polyphemus","horseshoe crab","2023-10-18","HCTSA","HCTSA","487551-W","487551",1.2,0.3,"A69-9007-6140","A69-9007","A69-9007-6140",163,NA,NA,"ADC","2022-02-19 06:20:22","UTC",-80.79027,28.62344,"0101000020E6100000A3409FC8933254C0AB048BC3999F3C40",2022,2,19,50,6.33944444444444,"Titusville","","Fusco, K., et al. 2021.","HCTSA-A69-9007-6140-22810","Kirk Fusco (kirk.fusco@floridadep.gov)","Kirk Fusco (kirk.fusco@floridadep.gov)"
"HCTS","HCTS-A69-9007-6140-2022-02-17","Limulus polyphemus","horseshoe crab","2023-10-18","HCTSA","HCTSA","487551-W","487551",1.2,0.3,"A69-9007-6140","A69-9007","A69-9007-6140",163,NA,NA,"ADC","2022-02-19 06:24:44","UTC",-80.79027,28.62344,"0101000020E6100000A3409FC8933254C0AB048BC3999F3C40",2022,2,19,50,6.41222222222222,"Titusville","","Fusco, K., et al. 2021.","HCTSA-A69-9007-6140-22815","Kirk Fusco (kirk.fusco@floridadep.gov)","Kirk Fusco (kirk.fusco@floridadep.gov)"
"HCTS","HCTS-A69-9007-6140-2022-02-17","Limulus polyphemus","horseshoe crab","2023-10-18","HCTSA","HCTSA","487551-W","487551",1.2,0.3,"A69-9007-6140","A69-9007","A69-9007-6140",163,NA,NA,"ADC","2022-02-19 06:33:00","UTC",-80.79027,28.62344,"0101000020E6100000A3409FC8933254C0AB048BC3999F3C40",2022,2,19,50,6.55,"Titusville","","Fusco, K., et al. 2021.","HCTSA-A69-9007-6140-22823","Kirk Fusco (kirk.fusco@floridadep.gov)","Kirk Fusco (kirk.fusco@floridadep.gov)"
"HCTS","HCTS-A69-9007-6140-2022-02-17","Limulus polyphemus","horseshoe crab","2023-10-18","HCTSA","HCTSA","487550-SE","487550",1.2,0.3,"A69-9007-6140","A69-9007","A69-9007-6140",163,NA,NA,"ADC","2022-02-19 06:33:01","UTC",-80.78626,28.6223,"0101000020E6100000CA897615523254C0014D840D4F9F3C40",2022,2,19,50,6.55027777777778,"Titusville","","Fusco, K., et al. 2021.","HCTSA-A69-9007-6140-22825","Kirk Fusco (kirk.fusco@floridadep.gov)","Kirk Fusco (kirk.fusco@floridadep.gov)"
"HCTS","HCTS-A69-9007-6140-2022-02-17","Limulus polyphemus","horseshoe crab","2023-10-18","HCTSA","HCTSA","487551-W","487551",1.2,0.3,"A69-9007-6140","A69-9007","A69-9007-6140",163,NA,NA,"ADC","2022-02-19 06:36:56","UTC",-80.79027,28.62344,"0101000020E6100000A3409FC8933254C0AB048BC3999F3C40",2022,2,19,50,6.61555555555555,"Titusville","","Fusco, K., et al. 2021.","HCTSA-A69-9007-6140-22828","Kirk Fusco (kirk.fusco@floridadep.gov)","Kirk Fusco (kirk.fusco@floridadep.gov)"
"HCTS","HCTS-A69-9007-6140-2022-02-17","Limulus polyphemus","horseshoe crab","2023-10-18","HCTSA","HCTSA","487550-SE","487550",1.2,0.3,"A69-9007-6140","A69-9007","A69-9007-6140",163,NA,NA,"ADC","2022-02-19 06:36:58","UTC",-80.78626,28.6223,"0101000020E6100000CA897615523254C0014D840D4F9F3C40",2022,2,19,50,6.61611111111111,"Titusville","","Fusco, K., et al. 2021.","HCTSA-A69-9007-6140-22829","Kirk Fusco (kirk.fusco@floridadep.gov)","Kirk Fusco (kirk.fusco@floridadep.gov)"
"HCTS","HCTS-A69-9007-6140-2022-02-17","Limulus polyphemus","horseshoe crab","2023-10-18","HCTSA","HCTSA","487551-W","487551",1.2,0.3,"A69-9007-6140","A69-9007","A69-9007-6140",163,NA,NA,"ADC","2022-02-19 06:41:36","UTC",-80.79027,28.62344,"0101000020E6100000A3409FC8933254C0AB048BC3999F3C40",2022,2,19,50,6.69333333333333,"Titusville","","Fusco, K., et al. 2021.","HCTSA-A69-9007-6140-22834","Kirk Fusco (kirk.fusco@floridadep.gov)","Kirk Fusco (kirk.fusco@floridadep.gov)"
"HCTS","HCTS-A69-9007-6140-2022-02-17","Limulus polyphemus","horseshoe crab","2023-10-18","HCTSA","HCTSA","487550-SE","487550",1.2,0.3,"A69-9007-6140","A69-9007","A69-9007-6140",163,NA,NA,"ADC","2022-02-19 06:41:37","UTC",-80.78626,28.6223,"0101000020E6100000CA897615523254C0014D840D4F9F3C40",2022,2,19,50,6.69361111111111,"Titusville","","Fusco, K., et al. 2021.","HCTSA-A69-9007-6140-22837","Kirk Fusco (kirk.fusco@floridadep.gov)","Kirk Fusco (kirk.fusco@floridadep.gov)"
"HCTS","HCTS-A69-9007-6140-2022-02-17","Limulus polyphemus","horseshoe crab","2023-10-18","HCTSA","HCTSA","487551-W","487551",1.2,0.3,"A69-9007-6140","A69-9007","A69-9007-6140",163,NA,NA,"ADC","2022-02-19 06:49:53","UTC",-80.79027,28.62344,"0101000020E6100000A3409FC8933254C0AB048BC3999F3C40",2022,2,19,50,6.83138888888889,"Titusville","","Fusco, K., et al. 2021.","HCTSA-A69-9007-6140-22843","Kirk Fusco (kirk.fusco@floridadep.gov)","Kirk Fusco (kirk.fusco@floridadep.gov)"
"HCTS","HCTS-A69-9007-6140-2022-02-17","Limulus polyphemus","horseshoe crab","2023-10-18","HCTSA","HCTSA","487550-SE","487550",1.2,0.3,"A69-9007-6140","A69-9007","A69-9007-6140",163,NA,NA,"ADC","2022-02-19 06:49:55","UTC",-80.78626,28.6223,"0101000020E6100000CA897615523254C0014D840D4F9F3C40",2022,2,19,50,6.83194444444444,"Titusville","","Fusco, K., et al. 2021.","HCTSA-A69-9007-6140-22846","Kirk Fusco (kirk.fusco@floridadep.gov)","Kirk Fusco (kirk.fusco@floridadep.gov)"
"HCTS","HCTS-A69-9007-6140-2022-02-17","Limulus polyphemus","horseshoe crab","2023-10-18","HCTSA","HCTSA","487551-W","487551",1.2,0.3,"A69-9007-6140","A69-9007","A69-9007-6140",163,NA,NA,"ADC","2022-02-19 06:54:26","UTC",-80.79027,28.62344,"0101000020E6100000A3409FC8933254C0AB048BC3999F3C40",2022,2,19,50,6.90722222222222,"Titusville","","Fusco, K., et al. 2021.","HCTSA-A69-9007-6140-22852","Kirk Fusco (kirk.fusco@floridadep.gov)","Kirk Fusco (kirk.fusco@floridadep.gov)"
"HCTS","HCTS-A69-9007-6140-2022-02-17","Limulus polyphemus","horseshoe crab","2023-10-18","HCTSA","HCTSA","487551-W","487551",1.2,0.3,"A69-9007-6140","A69-9007","A69-9007-6140",163,NA,NA,"ADC","2022-02-19 06:58:37","UTC",-80.79027,28.62344,"0101000020E6100000A3409FC8933254C0AB048BC3999F3C40",2022,2,19,50,6.97694444444444,"Titusville","","Fusco, K., et al. 2021.","HCTSA-A69-9007-6140-22857","Kirk Fusco (kirk.fusco@floridadep.gov)","Kirk Fusco (kirk.fusco@floridadep.gov)"
"HCTS","HCTS-A69-9007-6140-2022-02-17","Limulus polyphemus","horseshoe crab","2023-10-18","HCTSA","HCTSA","487550-SE","487550",1.2,0.3,"A69-9007-6140","A69-9007","A69-9007-6140",163,NA,NA,"ADC","2022-02-19 06:58:39","UTC",-80.78626,28.6223,"0101000020E6100000CA897615523254C0014D840D4F9F3C40",2022,2,19,50,6.9775,"Titusville","","Fusco, K., et al. 2021.","HCTSA-A69-9007-6140-22858","Kirk Fusco (kirk.fusco@floridadep.gov)","Kirk Fusco (kirk.fusco@floridadep.gov)"
"HCTS","HCTS-A69-9007-6140-2022-02-17","Limulus polyphemus","horseshoe crab","2023-10-18","HCTSA","HCTSA","487551-W","487551",1.2,0.3,"A69-9007-6140","A69-9007","A69-9007-6140",163,NA,NA,"ADC","2022-02-19 07:02:05","UTC",-80.79027,28.62344,"0101000020E6100000A3409FC8933254C0AB048BC3999F3C40",2022,2,19,50,7.03472222222222,"Titusville","","Fusco, K., et al. 2021.","HCTSA-A69-9007-6140-22864","Kirk Fusco (kirk.fusco@floridadep.gov)","Kirk Fusco (kirk.fusco@floridadep.gov)"
"HCTS","HCTS-A69-9007-6140-2022-02-17","Limulus polyphemus","horseshoe crab","2023-10-18","HCTSA","HCTSA","487550-SE","487550",1.2,0.3,"A69-9007-6140","A69-9007","A69-9007-6140",163,NA,NA,"ADC","2022-02-19 07:02:07","UTC",-80.78626,28.6223,"0101000020E6100000CA897615523254C0014D840D4F9F3C40",2022,2,19,50,7.03527777777778,"Titusville","","Fusco, K., et al. 2021.","HCTSA-A69-9007-6140-22865","Kirk Fusco (kirk.fusco@floridadep.gov)","Kirk Fusco (kirk.fusco@floridadep.gov)"
"HCTS","HCTS-A69-9007-6140-2022-02-17","Limulus polyphemus","horseshoe crab","2023-10-18","HCTSA","HCTSA","487551-W","487551",1.2,0.3,"A69-9007-6140","A69-9007","A69-9007-6140",163,NA,NA,"ADC","2022-02-19 07:05:47","UTC",-80.79027,28.62344,"0101000020E6100000A3409FC8933254C0AB048BC3999F3C40",2022,2,19,50,7.09638888888889,"Titusville","","Fusco, K., et al. 2021.","HCTSA-A69-9007-6140-22867","Kirk Fusco (kirk.fusco@floridadep.gov)","Kirk Fusco (kirk.fusco@floridadep.gov)"
"HCTS","HCTS-A69-9007-6140-2022-02-17","Limulus polyphemus","horseshoe crab","2023-10-18","HCTSA","HCTSA","487551-W","487551",1.2,0.3,"A69-9007-6140","A69-9007","A69-9007-6140",163,NA,NA,"ADC","2022-02-19 07:13:21","UTC",-80.79027,28.62344,"0101000020E6100000A3409FC8933254C0AB048BC3999F3C40",2022,2,19,50,7.2225,"Titusville","","Fusco, K., et al. 2021.","HCTSA-A69-9007-6140-22877","Kirk Fusco (kirk.fusco@floridadep.gov)","Kirk Fusco (kirk.fusco@floridadep.gov)"
"HCTS","HCTS-A69-9007-6140-2022-02-17","Limulus polyphemus","horseshoe crab","2023-10-18","HCTSA","HCTSA","487551-W","487551",1.2,0.3,"A69-9007-6140","A69-9007","A69-9007-6140",163,NA,NA,"ADC","2022-02-19 07:16:54","UTC",-80.79027,28.62344,"0101000020E6100000A3409FC8933254C0AB048BC3999F3C40",2022,2,19,50,7.28166666666667,"Titusville","","Fusco, K., et al. 2021.","HCTSA-A69-9007-6140-22879","Kirk Fusco (kirk.fusco@floridadep.gov)","Kirk Fusco (kirk.fusco@floridadep.gov)"
"HCTS","HCTS-A69-9007-6140-2022-02-17","Limulus polyphemus","horseshoe crab","2023-10-18","HCTSA","HCTSA","487551-W","487551",1.2,0.3,"A69-9007-6140","A69-9007","A69-9007-6140",163,NA,NA,"ADC","2022-02-19 07:20:46","UTC",-80.79027,28.62344,"0101000020E6100000A3409FC8933254C0AB048BC3999F3C40",2022,2,19,50,7.34611111111111,"Titusville","","Fusco, K., et al. 2021.","HCTSA-A69-9007-6140-22889","Kirk Fusco (kirk.fusco@floridadep.gov)","Kirk Fusco (kirk.fusco@floridadep.gov)"
"HCTS","HCTS-A69-9007-6140-2022-02-17","Limulus polyphemus","horseshoe crab","2023-10-18","HCTSA","HCTSA","487551-W","487551",1.2,0.3,"A69-9007-6140","A69-9007","A69-9007-6140",163,NA,NA,"ADC","2022-02-19 07:25:16","UTC",-80.79027,28.62344,"0101000020E6100000A3409FC8933254C0AB048BC3999F3C40",2022,2,19,50,7.42111111111111,"Titusville","","Fusco, K., et al. 2021.","HCTSA-A69-9007-6140-22891","Kirk Fusco (kirk.fusco@floridadep.gov)","Kirk Fusco (kirk.fusco@floridadep.gov)"
"HCTS","HCTS-A69-9007-6140-2022-02-17","Limulus polyphemus","horseshoe crab","2023-10-18","HCTSA","HCTSA","487551-W","487551",1.2,0.3,"A69-9007-6140","A69-9007","A69-9007-6140",163,NA,NA,"ADC","2022-02-19 07:29:21","UTC",-80.79027,28.62344,"0101000020E6100000A3409FC8933254C0AB048BC3999F3C40",2022,2,19,50,7.48916666666667,"Titusville","","Fusco, K., et al. 2021.","HCTSA-A69-9007-6140-22896","Kirk Fusco (kirk.fusco@floridadep.gov)","Kirk Fusco (kirk.fusco@floridadep.gov)"
"HCTS","HCTS-A69-9007-6140-2022-02-17","Limulus polyphemus","horseshoe crab","2023-10-18","HCTSA","HCTSA","487551-W","487551",1.2,0.3,"A69-9007-6140","A69-9007","A69-9007-6140",163,NA,NA,"ADC","2022-02-19 07:32:38","UTC",-80.79027,28.62344,"0101000020E6100000A3409FC8933254C0AB048BC3999F3C40",2022,2,19,50,7.54388888888889,"Titusville","","Fusco, K., et al. 2021.","HCTSA-A69-9007-6140-22899","Kirk Fusco (kirk.fusco@floridadep.gov)","Kirk Fusco (kirk.fusco@floridadep.gov)"
"HCTS","HCTS-A69-9007-6140-2022-02-17","Limulus polyphemus","horseshoe crab","2023-10-18","HCTSA","HCTSA","487551-W","487551",1.2,0.3,"A69-9007-6140","A69-9007","A69-9007-6140",163,NA,NA,"ADC","2022-02-19 07:35:55","UTC",-80.79027,28.62344,"0101000020E6100000A3409FC8933254C0AB048BC3999F3C40",2022,2,19,50,7.59861111111111,"Titusville","","Fusco, K., et al. 2021.","HCTSA-A69-9007-6140-22901","Kirk Fusco (kirk.fusco@floridadep.gov)","Kirk Fusco (kirk.fusco@floridadep.gov)"
"HCTS","HCTS-A69-9007-6140-2022-02-17","Limulus polyphemus","horseshoe crab","2023-10-18","HCTSA","HCTSA","487551-W","487551",1.2,0.3,"A69-9007-6140","A69-9007","A69-9007-6140",163,NA,NA,"ADC","2022-02-19 07:39:16","UTC",-80.79027,28.62344,"0101000020E6100000A3409FC8933254C0AB048BC3999F3C40",2022,2,19,50,7.65444444444444,"Titusville","","Fusco, K., et al. 2021.","HCTSA-A69-9007-6140-22908","Kirk Fusco (kirk.fusco@floridadep.gov)","Kirk Fusco (kirk.fusco@floridadep.gov)"
"HCTS","HCTS-A69-9007-6140-2022-02-17","Limulus polyphemus","horseshoe crab","2023-10-18","HCTSA","HCTSA","487551-W","487551",1.2,0.3,"A69-9007-6140","A69-9007","A69-9007-6140",163,NA,NA,"ADC","2022-02-19 07:42:44","UTC",-80.79027,28.62344,"0101000020E6100000A3409FC8933254C0AB048BC3999F3C40",2022,2,19,50,7.71222222222222,"Titusville","","Fusco, K., et al. 2021.","HCTSA-A69-9007-6140-22913","Kirk Fusco (kirk.fusco@floridadep.gov)","Kirk Fusco (kirk.fusco@floridadep.gov)"
"HCTS","HCTS-A69-9007-6140-2022-02-17","Limulus polyphemus","horseshoe crab","2023-10-18","HCTSA","HCTSA","487551-W","487551",1.2,0.3,"A69-9007-6140","A69-9007","A69-9007-6140",163,NA,NA,"ADC","2022-02-19 07:46:24","UTC",-80.79027,28.62344,"0101000020E6100000A3409FC8933254C0AB048BC3999F3C40",2022,2,19,50,7.77333333333333,"Titusville","","Fusco, K., et al. 2021.","HCTSA-A69-9007-6140-22915","Kirk Fusco (kirk.fusco@floridadep.gov)","Kirk Fusco (kirk.fusco@floridadep.gov)"
"HCTS","HCTS-A69-9007-6140-2022-02-17","Limulus polyphemus","horseshoe crab","2023-10-18","HCTSA","HCTSA","487551-W","487551",1.2,0.3,"A69-9007-6140","A69-9007","A69-9007-6140",163,NA,NA,"ADC","2022-02-19 07:50:32","UTC",-80.79027,28.62344,"0101000020E6100000A3409FC8933254C0AB048BC3999F3C40",2022,2,19,50,7.84222222222222,"Titusville","","Fusco, K., et al. 2021.","HCTSA-A69-9007-6140-22926","Kirk Fusco (kirk.fusco@floridadep.gov)","Kirk Fusco (kirk.fusco@floridadep.gov)"
"HCTS","HCTS-A69-9007-6140-2022-02-17","Limulus polyphemus","horseshoe crab","2023-10-18","HCTSA","HCTSA","487551-W","487551",1.2,0.3,"A69-9007-6140","A69-9007","A69-9007-6140",163,NA,NA,"ADC","2022-02-19 07:57:19","UTC",-80.79027,28.62344,"0101000020E6100000A3409FC8933254C0AB048BC3999F3C40",2022,2,19,50,7.95527777777778,"Titusville","","Fusco, K., et al. 2021.","HCTSA-A69-9007-6140-22928","Kirk Fusco (kirk.fusco@floridadep.gov)","Kirk Fusco (kirk.fusco@floridadep.gov)"
"HCTS","HCTS-A69-9007-6140-2022-02-17","Limulus polyphemus","horseshoe crab","2023-10-18","HCTSA","HCTSA","487551-W","487551",1.2,0.3,"A69-9007-6140","A69-9007","A69-9007-6140",163,NA,NA,"ADC","2022-02-19 08:00:58","UTC",-80.79027,28.62344,"0101000020E6100000A3409FC8933254C0AB048BC3999F3C40",2022,2,19,50,8.01611111111111,"Titusville","","Fusco, K., et al. 2021.","HCTSA-A69-9007-6140-22937","Kirk Fusco (kirk.fusco@floridadep.gov)","Kirk Fusco (kirk.fusco@floridadep.gov)"
"HCTS","HCTS-A69-9007-6140-2022-02-17","Limulus polyphemus","horseshoe crab","2023-10-18","HCTSA","HCTSA","487550-SE","487550",1.2,0.3,"A69-9007-6140","A69-9007","A69-9007-6140",163,NA,NA,"ADC","2022-02-19 08:00:59","UTC",-80.78626,28.6223,"0101000020E6100000CA897615523254C0014D840D4F9F3C40",2022,2,19,50,8.01638888888889,"Titusville","","Fusco, K., et al. 2021.","HCTSA-A69-9007-6140-22938","Kirk Fusco (kirk.fusco@floridadep.gov)","Kirk Fusco (kirk.fusco@floridadep.gov)"
"HCTS","HCTS-A69-9007-6140-2022-02-17","Limulus polyphemus","horseshoe crab","2023-10-18","HCTSA","HCTSA","487551-W","487551",1.2,0.3,"A69-9007-6140","A69-9007","A69-9007-6140",163,NA,NA,"ADC","2022-02-19 08:05:01","UTC",-80.79027,28.62344,"0101000020E6100000A3409FC8933254C0AB048BC3999F3C40",2022,2,19,50,8.08361111111111,"Titusville","","Fusco, K., et al. 2021.","HCTSA-A69-9007-6140-22940","Kirk Fusco (kirk.fusco@floridadep.gov)","Kirk Fusco (kirk.fusco@floridadep.gov)"
"HCTS","HCTS-A69-9007-6140-2022-02-17","Limulus polyphemus","horseshoe crab","2023-10-18","HCTSA","HCTSA","487551-W","487551",1.2,0.3,"A69-9007-6140","A69-9007","A69-9007-6140",163,NA,NA,"ADC","2022-02-19 08:09:54","UTC",-80.79027,28.62344,"0101000020E6100000A3409FC8933254C0AB048BC3999F3C40",2022,2,19,50,8.165,"Titusville","","Fusco, K., et al. 2021.","HCTSA-A69-9007-6140-22947","Kirk Fusco (kirk.fusco@floridadep.gov)","Kirk Fusco (kirk.fusco@floridadep.gov)"
"HCTS","HCTS-A69-9007-6140-2022-02-17","Limulus polyphemus","horseshoe crab","2023-10-18","HCTSA","HCTSA","487551-W","487551",1.2,0.3,"A69-9007-6140","A69-9007","A69-9007-6140",163,NA,NA,"ADC","2022-02-19 08:14:44","UTC",-80.79027,28.62344,"0101000020E6100000A3409FC8933254C0AB048BC3999F3C40",2022,2,19,50,8.24555555555555,"Titusville","","Fusco, K., et al. 2021.","HCTSA-A69-9007-6140-22952","Kirk Fusco (kirk.fusco@floridadep.gov)","Kirk Fusco (kirk.fusco@floridadep.gov)"
"HCTS","HCTS-A69-9007-6140-2022-02-17","Limulus polyphemus","horseshoe crab","2023-10-18","HCTSA","HCTSA","487551-W","487551",1.2,0.3,"A69-9007-6140","A69-9007","A69-9007-6140",163,NA,NA,"ADC","2022-02-19 08:19:31","UTC",-80.79027,28.62344,"0101000020E6100000A3409FC8933254C0AB048BC3999F3C40",2022,2,19,50,8.32527777777778,"Titusville","","Fusco, K., et al. 2021.","HCTSA-A69-9007-6140-22961","Kirk Fusco (kirk.fusco@floridadep.gov)","Kirk Fusco (kirk.fusco@floridadep.gov)"
"HCTS","HCTS-A69-9007-6140-2022-02-17","Limulus polyphemus","horseshoe crab","2023-10-18","HCTSA","HCTSA","487551-W","487551",1.2,0.3,"A69-9007-6140","A69-9007","A69-9007-6140",163,NA,NA,"ADC","2022-02-19 08:24:10","UTC",-80.79027,28.62344,"0101000020E6100000A3409FC8933254C0AB048BC3999F3C40",2022,2,19,50,8.40277777777778,"Titusville","","Fusco, K., et al. 2021.","HCTSA-A69-9007-6140-22965","Kirk Fusco (kirk.fusco@floridadep.gov)","Kirk Fusco (kirk.fusco@floridadep.gov)"
"HCTS","HCTS-A69-9007-6140-2022-02-17","Limulus polyphemus","horseshoe crab","2023-10-18","HCTSA","HCTSA","487550-SE","487550",1.2,0.3,"A69-9007-6140","A69-9007","A69-9007-6140",163,NA,NA,"ADC","2022-02-19 08:24:11","UTC",-80.78626,28.6223,"0101000020E6100000CA897615523254C0014D840D4F9F3C40",2022,2,19,50,8.40305555555556,"Titusville","","Fusco, K., et al. 2021.","HCTSA-A69-9007-6140-22966","Kirk Fusco (kirk.fusco@floridadep.gov)","Kirk Fusco (kirk.fusco@floridadep.gov)"
"HCTS","HCTS-A69-9007-6140-2022-02-17","Limulus polyphemus","horseshoe crab","2023-10-18","HCTSA","HCTSA","487551-W","487551",1.2,0.3,"A69-9007-6140","A69-9007","A69-9007-6140",163,NA,NA,"ADC","2022-02-19 08:28:33","UTC",-80.79027,28.62344,"0101000020E6100000A3409FC8933254C0AB048BC3999F3C40",2022,2,19,50,8.47583333333333,"Titusville","","Fusco, K., et al. 2021.","HCTSA-A69-9007-6140-22970","Kirk Fusco (kirk.fusco@floridadep.gov)","Kirk Fusco (kirk.fusco@floridadep.gov)"
"HCTS","HCTS-A69-9007-6140-2022-02-17","Limulus polyphemus","horseshoe crab","2023-10-18","HCTSA","HCTSA","487551-W","487551",1.2,0.3,"A69-9007-6140","A69-9007","A69-9007-6140",163,NA,NA,"ADC","2022-02-19 08:32:25","UTC",-80.79027,28.62344,"0101000020E6100000A3409FC8933254C0AB048BC3999F3C40",2022,2,19,50,8.54027777777778,"Titusville","","Fusco, K., et al. 2021.","HCTSA-A69-9007-6140-22972","Kirk Fusco (kirk.fusco@floridadep.gov)","Kirk Fusco (kirk.fusco@floridadep.gov)"
"HCTS","HCTS-A69-9007-6140-2022-02-17","Limulus polyphemus","horseshoe crab","2023-10-18","HCTSA","HCTSA","487551-W","487551",1.2,0.3,"A69-9007-6140","A69-9007","A69-9007-6140",163,NA,NA,"ADC","2022-02-19 08:36:55","UTC",-80.79027,28.62344,"0101000020E6100000A3409FC8933254C0AB048BC3999F3C40",2022,2,19,50,8.61527777777778,"Titusville","","Fusco, K., et al. 2021.","HCTSA-A69-9007-6140-22979","Kirk Fusco (kirk.fusco@floridadep.gov)","Kirk Fusco (kirk.fusco@floridadep.gov)"
"HCTS","HCTS-A69-9007-6140-2022-02-17","Limulus polyphemus","horseshoe crab","2023-10-18","HCTSA","HCTSA","487550-SE","487550",1.2,0.3,"A69-9007-6140","A69-9007","A69-9007-6140",163,NA,NA,"ADC","2022-02-19 08:36:57","UTC",-80.78626,28.6223,"0101000020E6100000CA897615523254C0014D840D4F9F3C40",2022,2,19,50,8.61583333333333,"Titusville","","Fusco, K., et al. 2021.","HCTSA-A69-9007-6140-22981","Kirk Fusco (kirk.fusco@floridadep.gov)","Kirk Fusco (kirk.fusco@floridadep.gov)"
"HCTS","HCTS-A69-9007-6140-2022-02-17","Limulus polyphemus","horseshoe crab","2023-10-18","HCTSA","HCTSA","487551-W","487551",1.2,0.3,"A69-9007-6140","A69-9007","A69-9007-6140",163,NA,NA,"ADC","2022-02-19 08:41:01","UTC",-80.79027,28.62344,"0101000020E6100000A3409FC8933254C0AB048BC3999F3C40",2022,2,19,50,8.68361111111111,"Titusville","","Fusco, K., et al. 2021.","HCTSA-A69-9007-6140-22986","Kirk Fusco (kirk.fusco@floridadep.gov)","Kirk Fusco (kirk.fusco@floridadep.gov)"
"HCTS","HCTS-A69-9007-6140-2022-02-17","Limulus polyphemus","horseshoe crab","2023-10-18","HCTSA","HCTSA","487550-SE","487550",1.2,0.3,"A69-9007-6140","A69-9007","A69-9007-6140",163,NA,NA,"ADC","2022-02-19 08:41:03","UTC",-80.78626,28.6223,"0101000020E6100000CA897615523254C0014D840D4F9F3C40",2022,2,19,50,8.68416666666667,"Titusville","","Fusco, K., et al. 2021.","HCTSA-A69-9007-6140-22987","Kirk Fusco (kirk.fusco@floridadep.gov)","Kirk Fusco (kirk.fusco@floridadep.gov)"
"HCTS","HCTS-A69-9007-6140-2022-02-17","Limulus polyphemus","horseshoe crab","2023-10-18","HCTSA","HCTSA","487551-W","487551",1.2,0.3,"A69-9007-6140","A69-9007","A69-9007-6140",163,NA,NA,"ADC","2022-02-19 08:44:18","UTC",-80.79027,28.62344,"0101000020E6100000A3409FC8933254C0AB048BC3999F3C40",2022,2,19,50,8.73833333333333,"Titusville","","Fusco, K., et al. 2021.","HCTSA-A69-9007-6140-22990","Kirk Fusco (kirk.fusco@floridadep.gov)","Kirk Fusco (kirk.fusco@floridadep.gov)"
"HCTS","HCTS-A69-9007-6140-2022-02-17","Limulus polyphemus","horseshoe crab","2023-10-18","HCTSA","HCTSA","487551-W","487551",1.2,0.3,"A69-9007-6140","A69-9007","A69-9007-6140",163,NA,NA,"ADC","2022-02-19 08:47:38","UTC",-80.79027,28.62344,"0101000020E6100000A3409FC8933254C0AB048BC3999F3C40",2022,2,19,50,8.79388888888889,"Titusville","","Fusco, K., et al. 2021.","HCTSA-A69-9007-6140-22997","Kirk Fusco (kirk.fusco@floridadep.gov)","Kirk Fusco (kirk.fusco@floridadep.gov)"
"HCTS","HCTS-A69-9007-6140-2022-02-17","Limulus polyphemus","horseshoe crab","2023-10-18","HCTSA","HCTSA","487551-W","487551",1.2,0.3,"A69-9007-6140","A69-9007","A69-9007-6140",163,NA,NA,"ADC","2022-02-19 08:51:02","UTC",-80.79027,28.62344,"0101000020E6100000A3409FC8933254C0AB048BC3999F3C40",2022,2,19,50,8.85055555555556,"Titusville","","Fusco, K., et al. 2021.","HCTSA-A69-9007-6140-23003","Kirk Fusco (kirk.fusco@floridadep.gov)","Kirk Fusco (kirk.fusco@floridadep.gov)"
"HCTS","HCTS-A69-9007-6140-2022-02-17","Limulus polyphemus","horseshoe crab","2023-10-18","HCTSA","HCTSA","487551-W","487551",1.2,0.3,"A69-9007-6140","A69-9007","A69-9007-6140",163,NA,NA,"ADC","2022-02-19 08:58:34","UTC",-80.79027,28.62344,"0101000020E6100000A3409FC8933254C0AB048BC3999F3C40",2022,2,19,50,8.97611111111111,"Titusville","","Fusco, K., et al. 2021.","HCTSA-A69-9007-6140-23012","Kirk Fusco (kirk.fusco@floridadep.gov)","Kirk Fusco (kirk.fusco@floridadep.gov)"
"HCTS","HCTS-A69-9007-6140-2022-02-17","Limulus polyphemus","horseshoe crab","2023-10-18","HCTSA","HCTSA","487551-W","487551",1.2,0.3,"A69-9007-6140","A69-9007","A69-9007-6140",163,NA,NA,"ADC","2022-02-19 09:03:13","UTC",-80.79027,28.62344,"0101000020E6100000A3409FC8933254C0AB048BC3999F3C40",2022,2,19,50,9.05361111111111,"Titusville","","Fusco, K., et al. 2021.","HCTSA-A69-9007-6140-23018","Kirk Fusco (kirk.fusco@floridadep.gov)","Kirk Fusco (kirk.fusco@floridadep.gov)"
"HCTS","HCTS-A69-9007-6140-2022-02-17","Limulus polyphemus","horseshoe crab","2023-10-18","HCTSA","HCTSA","487551-W","487551",1.2,0.3,"A69-9007-6140","A69-9007","A69-9007-6140",163,NA,NA,"ADC","2022-02-19 09:07:36","UTC",-80.79027,28.62344,"0101000020E6100000A3409FC8933254C0AB048BC3999F3C40",2022,2,19,50,9.12666666666667,"Titusville","","Fusco, K., et al. 2021.","HCTSA-A69-9007-6140-23027","Kirk Fusco (kirk.fusco@floridadep.gov)","Kirk Fusco (kirk.fusco@floridadep.gov)"
"HCTS","HCTS-A69-9007-6140-2022-02-17","Limulus polyphemus","horseshoe crab","2023-10-18","HCTSA","HCTSA","487550-SE","487550",1.2,0.3,"A69-9007-6140","A69-9007","A69-9007-6140",163,NA,NA,"ADC","2022-02-19 09:07:37","UTC",-80.78626,28.6223,"0101000020E6100000CA897615523254C0014D840D4F9F3C40",2022,2,19,50,9.12694444444445,"Titusville","","Fusco, K., et al. 2021.","HCTSA-A69-9007-6140-23028","Kirk Fusco (kirk.fusco@floridadep.gov)","Kirk Fusco (kirk.fusco@floridadep.gov)"
"HCTS","HCTS-A69-9007-6140-2022-02-17","Limulus polyphemus","horseshoe crab","2023-10-18","HCTSA","HCTSA","487551-W","487551",1.2,0.3,"A69-9007-6140","A69-9007","A69-9007-6140",163,NA,NA,"ADC","2022-02-19 09:11:27","UTC",-80.79027,28.62344,"0101000020E6100000A3409FC8933254C0AB048BC3999F3C40",2022,2,19,50,9.19083333333333,"Titusville","","Fusco, K., et al. 2021.","HCTSA-A69-9007-6140-23034","Kirk Fusco (kirk.fusco@floridadep.gov)","Kirk Fusco (kirk.fusco@floridadep.gov)"
"HCTS","HCTS-A69-9007-6140-2022-02-17","Limulus polyphemus","horseshoe crab","2023-10-18","HCTSA","HCTSA","487551-W","487551",1.2,0.3,"A69-9007-6140","A69-9007","A69-9007-6140",163,NA,NA,"ADC","2022-02-19 09:15:56","UTC",-80.79027,28.62344,"0101000020E6100000A3409FC8933254C0AB048BC3999F3C40",2022,2,19,50,9.26555555555556,"Titusville","","Fusco, K., et al. 2021.","HCTSA-A69-9007-6140-23043","Kirk Fusco (kirk.fusco@floridadep.gov)","Kirk Fusco (kirk.fusco@floridadep.gov)"
"HCTS","HCTS-A69-9007-6140-2022-02-17","Limulus polyphemus","horseshoe crab","2023-10-18","HCTSA","HCTSA","487549-NE","487549",1.2,0.3,"A69-9007-6140","A69-9007","A69-9007-6140",163,NA,NA,"ADC","2022-02-19 09:19:59","UTC",-80.78791,28.62577,"0101000020E61000003F8C101E6D3254C063D1747632A03C40",2022,2,19,50,9.33305555555556,"Titusville","","Fusco, K., et al. 2021.","HCTSA-A69-9007-6140-23049","Kirk Fusco (kirk.fusco@floridadep.gov)","Kirk Fusco (kirk.fusco@floridadep.gov)"
"HCTS","HCTS-A69-9007-6140-2022-02-17","Limulus polyphemus","horseshoe crab","2023-10-18","HCTSA","HCTSA","487551-W","487551",1.2,0.3,"A69-9007-6140","A69-9007","A69-9007-6140",163,NA,NA,"ADC","2022-02-19 09:24:52","UTC",-80.79027,28.62344,"0101000020E6100000A3409FC8933254C0AB048BC3999F3C40",2022,2,19,50,9.41444444444445,"Titusville","","Fusco, K., et al. 2021.","HCTSA-A69-9007-6140-23052","Kirk Fusco (kirk.fusco@floridadep.gov)","Kirk Fusco (kirk.fusco@floridadep.gov)"
"HCTS","HCTS-A69-9007-6140-2022-02-17","Limulus polyphemus","horseshoe crab","2023-10-18","HCTSA","HCTSA","487550-SE","487550",1.2,0.3,"A69-9007-6140","A69-9007","A69-9007-6140",163,NA,NA,"ADC","2022-02-19 09:24:54","UTC",-80.78626,28.6223,"0101000020E6100000CA897615523254C0014D840D4F9F3C40",2022,2,19,50,9.415,"Titusville","","Fusco, K., et al. 2021.","HCTSA-A69-9007-6140-23054","Kirk Fusco (kirk.fusco@floridadep.gov)","Kirk Fusco (kirk.fusco@floridadep.gov)"
"HCTS","HCTS-A69-9007-6140-2022-02-17","Limulus polyphemus","horseshoe crab","2023-10-18","HCTSA","HCTSA","487551-W","487551",1.2,0.3,"A69-9007-6140","A69-9007","A69-9007-6140",163,NA,NA,"ADC","2022-02-19 09:29:43","UTC",-80.79027,28.62344,"0101000020E6100000A3409FC8933254C0AB048BC3999F3C40",2022,2,19,50,9.49527777777778,"Titusville","","Fusco, K., et al. 2021.","HCTSA-A69-9007-6140-23063","Kirk Fusco (kirk.fusco@floridadep.gov)","Kirk Fusco (kirk.fusco@floridadep.gov)"
"HCTS","HCTS-A69-9007-6140-2022-02-17","Limulus polyphemus","horseshoe crab","2023-10-18","HCTSA","HCTSA","487551-W","487551",1.2,0.3,"A69-9007-6140","A69-9007","A69-9007-6140",163,NA,NA,"ADC","2022-02-19 09:43:34","UTC",-80.79027,28.62344,"0101000020E6100000A3409FC8933254C0AB048BC3999F3C40",2022,2,19,50,9.72611111111111,"Titusville","","Fusco, K., et al. 2021.","HCTSA-A69-9007-6140-23073","Kirk Fusco (kirk.fusco@floridadep.gov)","Kirk Fusco (kirk.fusco@floridadep.gov)"
"HCTS","HCTS-A69-9007-6140-2022-02-17","Limulus polyphemus","horseshoe crab","2023-10-18","HCTSA","HCTSA","487551-W","487551",1.2,0.3,"A69-9007-6140","A69-9007","A69-9007-6140",163,NA,NA,"ADC","2022-02-19 09:52:07","UTC",-80.79027,28.62344,"0101000020E6100000A3409FC8933254C0AB048BC3999F3C40",2022,2,19,50,9.86861111111111,"Titusville","","Fusco, K., et al. 2021.","HCTSA-A69-9007-6140-23080","Kirk Fusco (kirk.fusco@floridadep.gov)","Kirk Fusco (kirk.fusco@floridadep.gov)"
"HCTS","HCTS-A69-9007-6140-2022-02-17","Limulus polyphemus","horseshoe crab","2023-10-18","HCTSA","HCTSA","487549-NE","487549",1.2,0.3,"A69-9007-6140","A69-9007","A69-9007-6140",162,NA,NA,"ADC","2022-02-19 09:56:25","UTC",-80.78791,28.62577,"0101000020E61000003F8C101E6D3254C063D1747632A03C40",2022,2,19,50,9.94027777777778,"Titusville","","Fusco, K., et al. 2021.","HCTSA-A69-9007-6140-23082","Kirk Fusco (kirk.fusco@floridadep.gov)","Kirk Fusco (kirk.fusco@floridadep.gov)"
"HCTS","HCTS-A69-9007-6140-2022-02-17","Limulus polyphemus","horseshoe crab","2023-10-18","HCTSA","HCTSA","487550-SE","487550",1.2,0.3,"A69-9007-6140","A69-9007","A69-9007-6140",162,NA,NA,"ADC","2022-02-19 09:56:28","UTC",-80.78626,28.6223,"0101000020E6100000CA897615523254C0014D840D4F9F3C40",2022,2,19,50,9.94111111111111,"Titusville","","Fusco, K., et al. 2021.","HCTSA-A69-9007-6140-23084","Kirk Fusco (kirk.fusco@floridadep.gov)","Kirk Fusco (kirk.fusco@floridadep.gov)"
"HCTS","HCTS-A69-9007-6140-2022-02-17","Limulus polyphemus","horseshoe crab","2023-10-18","HCTSA","HCTSA","487549-NE","487549",1.2,0.3,"A69-9007-6140","A69-9007","A69-9007-6140",163,NA,NA,"ADC","2022-02-19 10:00:10","UTC",-80.78791,28.62577,"0101000020E61000003F8C101E6D3254C063D1747632A03C40",2022,2,19,50,10.0027777777778,"Titusville","","Fusco, K., et al. 2021.","HCTSA-A69-9007-6140-23091","Kirk Fusco (kirk.fusco@floridadep.gov)","Kirk Fusco (kirk.fusco@floridadep.gov)"
"HCTS","HCTS-A69-9007-6140-2022-02-17","Limulus polyphemus","horseshoe crab","2023-10-18","HCTSA","HCTSA","487551-W","487551",1.2,0.3,"A69-9007-6140","A69-9007","A69-9007-6140",163,NA,NA,"ADC","2022-02-19 10:00:11","UTC",-80.79027,28.62344,"0101000020E6100000A3409FC8933254C0AB048BC3999F3C40",2022,2,19,50,10.0030555555556,"Titusville","","Fusco, K., et al. 2021.","HCTSA-A69-9007-6140-23092","Kirk Fusco (kirk.fusco@floridadep.gov)","Kirk Fusco (kirk.fusco@floridadep.gov)"
"HCTS","HCTS-A69-9007-6140-2022-02-17","Limulus polyphemus","horseshoe crab","2023-10-18","HCTSA","HCTSA","487551-W","487551",1.2,0.3,"A69-9007-6140","A69-9007","A69-9007-6140",163,NA,NA,"ADC","2022-02-19 10:04:24","UTC",-80.79027,28.62344,"0101000020E6100000A3409FC8933254C0AB048BC3999F3C40",2022,2,19,50,10.0733333333333,"Titusville","","Fusco, K., et al. 2021.","HCTSA-A69-9007-6140-23095","Kirk Fusco (kirk.fusco@floridadep.gov)","Kirk Fusco (kirk.fusco@floridadep.gov)"
"HCTS","HCTS-A69-9007-6140-2022-02-17","Limulus polyphemus","horseshoe crab","2023-10-18","HCTSA","HCTSA","487551-W","487551",1.2,0.3,"A69-9007-6140","A69-9007","A69-9007-6140",163,NA,NA,"ADC","2022-02-19 10:07:58","UTC",-80.79027,28.62344,"0101000020E6100000A3409FC8933254C0AB048BC3999F3C40",2022,2,19,50,10.1327777777778,"Titusville","","Fusco, K., et al. 2021.","HCTSA-A69-9007-6140-23104","Kirk Fusco (kirk.fusco@floridadep.gov)","Kirk Fusco (kirk.fusco@floridadep.gov)"
"HCTS","HCTS-A69-9007-6140-2022-02-17","Limulus polyphemus","horseshoe crab","2023-10-18","HCTSA","HCTSA","487551-W","487551",1.2,0.3,"A69-9007-6140","A69-9007","A69-9007-6140",163,NA,NA,"ADC","2022-02-19 10:11:50","UTC",-80.79027,28.62344,"0101000020E6100000A3409FC8933254C0AB048BC3999F3C40",2022,2,19,50,10.1972222222222,"Titusville","","Fusco, K., et al. 2021.","HCTSA-A69-9007-6140-23111","Kirk Fusco (kirk.fusco@floridadep.gov)","Kirk Fusco (kirk.fusco@floridadep.gov)"
"HCTS","HCTS-A69-9007-6140-2022-02-17","Limulus polyphemus","horseshoe crab","2023-10-18","HCTSA","HCTSA","487551-W","487551",1.2,0.3,"A69-9007-6140","A69-9007","A69-9007-6140",163,NA,NA,"ADC","2022-02-19 10:16:20","UTC",-80.79027,28.62344,"0101000020E6100000A3409FC8933254C0AB048BC3999F3C40",2022,2,19,50,10.2722222222222,"Titusville","","Fusco, K., et al. 2021.","HCTSA-A69-9007-6140-23117","Kirk Fusco (kirk.fusco@floridadep.gov)","Kirk Fusco (kirk.fusco@floridadep.gov)"
"HCTS","HCTS-A69-9007-6140-2022-02-17","Limulus polyphemus","horseshoe crab","2023-10-18","HCTSA","HCTSA","487551-W","487551",1.2,0.3,"A69-9007-6140","A69-9007","A69-9007-6140",163,NA,NA,"ADC","2022-02-19 10:20:25","UTC",-80.79027,28.62344,"0101000020E6100000A3409FC8933254C0AB048BC3999F3C40",2022,2,19,50,10.3402777777778,"Titusville","","Fusco, K., et al. 2021.","HCTSA-A69-9007-6140-23126","Kirk Fusco (kirk.fusco@floridadep.gov)","Kirk Fusco (kirk.fusco@floridadep.gov)"
"HCTS","HCTS-A69-9007-6140-2022-02-17","Limulus polyphemus","horseshoe crab","2023-10-18","HCTSA","HCTSA","487551-W","487551",1.2,0.3,"A69-9007-6140","A69-9007","A69-9007-6140",163,NA,NA,"ADC","2022-02-19 10:23:42","UTC",-80.79027,28.62344,"0101000020E6100000A3409FC8933254C0AB048BC3999F3C40",2022,2,19,50,10.395,"Titusville","","Fusco, K., et al. 2021.","HCTSA-A69-9007-6140-23129","Kirk Fusco (kirk.fusco@floridadep.gov)","Kirk Fusco (kirk.fusco@floridadep.gov)"
"HCTS","HCTS-A69-9007-6140-2022-02-17","Limulus polyphemus","horseshoe crab","2023-10-18","HCTSA","HCTSA","487551-W","487551",1.2,0.3,"A69-9007-6140","A69-9007","A69-9007-6140",163,NA,NA,"ADC","2022-02-19 10:27:01","UTC",-80.79027,28.62344,"0101000020E6100000A3409FC8933254C0AB048BC3999F3C40",2022,2,19,50,10.4502777777778,"Titusville","","Fusco, K., et al. 2021.","HCTSA-A69-9007-6140-23136","Kirk Fusco (kirk.fusco@floridadep.gov)","Kirk Fusco (kirk.fusco@floridadep.gov)"
"HCTS","HCTS-A69-9007-6140-2022-02-17","Limulus polyphemus","horseshoe crab","2023-10-18","HCTSA","HCTSA","487551-W","487551",1.2,0.3,"A69-9007-6140","A69-9007","A69-9007-6140",163,NA,NA,"ADC","2022-02-19 10:30:24","UTC",-80.79027,28.62344,"0101000020E6100000A3409FC8933254C0AB048BC3999F3C40",2022,2,19,50,10.5066666666667,"Titusville","","Fusco, K., et al. 2021.","HCTSA-A69-9007-6140-23144","Kirk Fusco (kirk.fusco@floridadep.gov)","Kirk Fusco (kirk.fusco@floridadep.gov)"
"HCTS","HCTS-A69-9007-6140-2022-02-17","Limulus polyphemus","horseshoe crab","2023-10-18","HCTSA","HCTSA","487551-W","487551",1.2,0.3,"A69-9007-6140","A69-9007","A69-9007-6140",163,NA,NA,"ADC","2022-02-19 10:33:56","UTC",-80.79027,28.62344,"0101000020E6100000A3409FC8933254C0AB048BC3999F3C40",2022,2,19,50,10.5655555555556,"Titusville","","Fusco, K., et al. 2021.","HCTSA-A69-9007-6140-23148","Kirk Fusco (kirk.fusco@floridadep.gov)","Kirk Fusco (kirk.fusco@floridadep.gov)"
"HCTS","HCTS-A69-9007-6140-2022-02-17","Limulus polyphemus","horseshoe crab","2023-10-18","HCTSA","HCTSA","487551-W","487551",1.2,0.3,"A69-9007-6140","A69-9007","A69-9007-6140",163,NA,NA,"ADC","2022-02-19 10:37:46","UTC",-80.79027,28.62344,"0101000020E6100000A3409FC8933254C0AB048BC3999F3C40",2022,2,19,50,10.6294444444444,"Titusville","","Fusco, K., et al. 2021.","HCTSA-A69-9007-6140-23152","Kirk Fusco (kirk.fusco@floridadep.gov)","Kirk Fusco (kirk.fusco@floridadep.gov)"
"HCTS","HCTS-A69-9007-6140-2022-02-17","Limulus polyphemus","horseshoe crab","2023-10-18","HCTSA","HCTSA","487551-W","487551",1.2,0.3,"A69-9007-6140","A69-9007","A69-9007-6140",163,NA,NA,"ADC","2022-02-19 10:42:12","UTC",-80.79027,28.62344,"0101000020E6100000A3409FC8933254C0AB048BC3999F3C40",2022,2,19,50,10.7033333333333,"Titusville","","Fusco, K., et al. 2021.","HCTSA-A69-9007-6140-23160","Kirk Fusco (kirk.fusco@floridadep.gov)","Kirk Fusco (kirk.fusco@floridadep.gov)"
"HCTS","HCTS-A69-9007-6140-2022-02-17","Limulus polyphemus","horseshoe crab","2023-10-18","HCTSA","HCTSA","487551-W","487551",1.2,0.3,"A69-9007-6140","A69-9007","A69-9007-6140",163,NA,NA,"ADC","2022-02-19 10:46:09","UTC",-80.79027,28.62344,"0101000020E6100000A3409FC8933254C0AB048BC3999F3C40",2022,2,19,50,10.7691666666667,"Titusville","","Fusco, K., et al. 2021.","HCTSA-A69-9007-6140-23166","Kirk Fusco (kirk.fusco@floridadep.gov)","Kirk Fusco (kirk.fusco@floridadep.gov)"
"HCTS","HCTS-A69-9007-6140-2022-02-17","Limulus polyphemus","horseshoe crab","2023-10-18","HCTSA","HCTSA","487549-NE","487549",1.2,0.3,"A69-9007-6140","A69-9007","A69-9007-6140",163,NA,NA,"ADC","2022-02-19 10:50:48","UTC",-80.78791,28.62577,"0101000020E61000003F8C101E6D3254C063D1747632A03C40",2022,2,19,50,10.8466666666667,"Titusville","","Fusco, K., et al. 2021.","HCTSA-A69-9007-6140-23175","Kirk Fusco (kirk.fusco@floridadep.gov)","Kirk Fusco (kirk.fusco@floridadep.gov)"
"HCTS","HCTS-A69-9007-6140-2022-02-17","Limulus polyphemus","horseshoe crab","2023-10-18","HCTSA","HCTSA","487551-W","487551",1.2,0.3,"A69-9007-6140","A69-9007","A69-9007-6140",163,NA,NA,"ADC","2022-02-19 10:50:49","UTC",-80.79027,28.62344,"0101000020E6100000A3409FC8933254C0AB048BC3999F3C40",2022,2,19,50,10.8469444444444,"Titusville","","Fusco, K., et al. 2021.","HCTSA-A69-9007-6140-23176","Kirk Fusco (kirk.fusco@floridadep.gov)","Kirk Fusco (kirk.fusco@floridadep.gov)"
"HCTS","HCTS-A69-9007-6140-2022-02-17","Limulus polyphemus","horseshoe crab","2023-10-18","HCTSA","HCTSA","487551-W","487551",1.2,0.3,"A69-9007-6140","A69-9007","A69-9007-6140",163,NA,NA,"ADC","2022-02-19 10:55:15","UTC",-80.79027,28.62344,"0101000020E6100000A3409FC8933254C0AB048BC3999F3C40",2022,2,19,50,10.9208333333333,"Titusville","","Fusco, K., et al. 2021.","HCTSA-A69-9007-6140-23181","Kirk Fusco (kirk.fusco@floridadep.gov)","Kirk Fusco (kirk.fusco@floridadep.gov)"
"HCTS","HCTS-A69-9007-6140-2022-02-17","Limulus polyphemus","horseshoe crab","2023-10-18","HCTSA","HCTSA","487551-W","487551",1.2,0.3,"A69-9007-6140","A69-9007","A69-9007-6140",163,NA,NA,"ADC","2022-02-19 10:59:11","UTC",-80.79027,28.62344,"0101000020E6100000A3409FC8933254C0AB048BC3999F3C40",2022,2,19,50,10.9863888888889,"Titusville","","Fusco, K., et al. 2021.","HCTSA-A69-9007-6140-23183","Kirk Fusco (kirk.fusco@floridadep.gov)","Kirk Fusco (kirk.fusco@floridadep.gov)"
"HCTS","HCTS-A69-9007-6140-2022-02-17","Limulus polyphemus","horseshoe crab","2023-10-18","HCTSA","HCTSA","487551-W","487551",1.2,0.3,"A69-9007-6140","A69-9007","A69-9007-6140",163,NA,NA,"ADC","2022-02-19 11:12:08","UTC",-80.79027,28.62344,"0101000020E6100000A3409FC8933254C0AB048BC3999F3C40",2022,2,19,50,11.2022222222222,"Titusville","","Fusco, K., et al. 2021.","HCTSA-A69-9007-6140-23199","Kirk Fusco (kirk.fusco@floridadep.gov)","Kirk Fusco (kirk.fusco@floridadep.gov)"
"HCTS","HCTS-A69-9007-6140-2022-02-17","Limulus polyphemus","horseshoe crab","2023-10-18","HCTSA","HCTSA","487551-W","487551",1.2,0.3,"A69-9007-6140","A69-9007","A69-9007-6140",163,NA,NA,"ADC","2022-02-19 11:16:41","UTC",-80.79027,28.62344,"0101000020E6100000A3409FC8933254C0AB048BC3999F3C40",2022,2,19,50,11.2780555555556,"Titusville","","Fusco, K., et al. 2021.","HCTSA-A69-9007-6140-23204","Kirk Fusco (kirk.fusco@floridadep.gov)","Kirk Fusco (kirk.fusco@floridadep.gov)"
"HCTS","HCTS-A69-9007-6140-2022-02-17","Limulus polyphemus","horseshoe crab","2023-10-18","HCTSA","HCTSA","487551-W","487551",1.2,0.3,"A69-9007-6140","A69-9007","A69-9007-6140",163,NA,NA,"ADC","2022-02-19 11:20:52","UTC",-80.79027,28.62344,"0101000020E6100000A3409FC8933254C0AB048BC3999F3C40",2022,2,19,50,11.3477777777778,"Titusville","","Fusco, K., et al. 2021.","HCTSA-A69-9007-6140-23209","Kirk Fusco (kirk.fusco@floridadep.gov)","Kirk Fusco (kirk.fusco@floridadep.gov)"
"HCTS","HCTS-A69-9007-6140-2022-02-17","Limulus polyphemus","horseshoe crab","2023-10-18","HCTSA","HCTSA","487551-W","487551",1.2,0.3,"A69-9007-6140","A69-9007","A69-9007-6140",163,NA,NA,"ADC","2022-02-19 11:24:21","UTC",-80.79027,28.62344,"0101000020E6100000A3409FC8933254C0AB048BC3999F3C40",2022,2,19,50,11.4058333333333,"Titusville","","Fusco, K., et al. 2021.","HCTSA-A69-9007-6140-23212","Kirk Fusco (kirk.fusco@floridadep.gov)","Kirk Fusco (kirk.fusco@floridadep.gov)"
"HCTS","HCTS-A69-9007-6140-2022-02-17","Limulus polyphemus","horseshoe crab","2023-10-18","HCTSA","HCTSA","487551-W","487551",1.2,0.3,"A69-9007-6140","A69-9007","A69-9007-6140",163,NA,NA,"ADC","2022-02-19 11:28:03","UTC",-80.79027,28.62344,"0101000020E6100000A3409FC8933254C0AB048BC3999F3C40",2022,2,19,50,11.4675,"Titusville","","Fusco, K., et al. 2021.","HCTSA-A69-9007-6140-23214","Kirk Fusco (kirk.fusco@floridadep.gov)","Kirk Fusco (kirk.fusco@floridadep.gov)"
"HCTS","HCTS-A69-9007-6140-2022-02-17","Limulus polyphemus","horseshoe crab","2023-10-18","HCTSA","HCTSA","487551-W","487551",1.2,0.3,"A69-9007-6140","A69-9007","A69-9007-6140",163,NA,NA,"ADC","2022-02-19 11:32:13","UTC",-80.79027,28.62344,"0101000020E6100000A3409FC8933254C0AB048BC3999F3C40",2022,2,19,50,11.5369444444444,"Titusville","","Fusco, K., et al. 2021.","HCTSA-A69-9007-6140-23221","Kirk Fusco (kirk.fusco@floridadep.gov)","Kirk Fusco (kirk.fusco@floridadep.gov)"
"HCTS","HCTS-A69-9007-6140-2022-02-17","Limulus polyphemus","horseshoe crab","2023-10-18","HCTSA","HCTSA","487551-W","487551",1.2,0.3,"A69-9007-6140","A69-9007","A69-9007-6140",163,NA,NA,"ADC","2022-02-19 11:35:38","UTC",-80.79027,28.62344,"0101000020E6100000A3409FC8933254C0AB048BC3999F3C40",2022,2,19,50,11.5938888888889,"Titusville","","Fusco, K., et al. 2021.","HCTSA-A69-9007-6140-23226","Kirk Fusco (kirk.fusco@floridadep.gov)","Kirk Fusco (kirk.fusco@floridadep.gov)"
"HCTS","HCTS-A69-9007-6140-2022-02-17","Limulus polyphemus","horseshoe crab","2023-10-18","HCTSA","HCTSA","487551-W","487551",1.2,0.3,"A69-9007-6140","A69-9007","A69-9007-6140",163,NA,NA,"ADC","2022-02-19 11:43:14","UTC",-80.79027,28.62344,"0101000020E6100000A3409FC8933254C0AB048BC3999F3C40",2022,2,19,50,11.7205555555556,"Titusville","","Fusco, K., et al. 2021.","HCTSA-A69-9007-6140-23233","Kirk Fusco (kirk.fusco@floridadep.gov)","Kirk Fusco (kirk.fusco@floridadep.gov)"
"HCTS","HCTS-A69-9007-6140-2022-02-17","Limulus polyphemus","horseshoe crab","2023-10-18","HCTSA","HCTSA","487551-W","487551",1.2,0.3,"A69-9007-6140","A69-9007","A69-9007-6140",163,NA,NA,"ADC","2022-02-19 11:47:57","UTC",-80.79027,28.62344,"0101000020E6100000A3409FC8933254C0AB048BC3999F3C40",2022,2,19,50,11.7991666666667,"Titusville","","Fusco, K., et al. 2021.","HCTSA-A69-9007-6140-23238","Kirk Fusco (kirk.fusco@floridadep.gov)","Kirk Fusco (kirk.fusco@floridadep.gov)"
"HCTS","HCTS-A69-9007-6140-2022-02-17","Limulus polyphemus","horseshoe crab","2023-10-18","HCTSA","HCTSA","487551-W","487551",1.2,0.3,"A69-9007-6140","A69-9007","A69-9007-6140",162,NA,NA,"ADC","2022-02-19 11:52:29","UTC",-80.79027,28.62344,"0101000020E6100000A3409FC8933254C0AB048BC3999F3C40",2022,2,19,50,11.8747222222222,"Titusville","","Fusco, K., et al. 2021.","HCTSA-A69-9007-6140-23246","Kirk Fusco (kirk.fusco@floridadep.gov)","Kirk Fusco (kirk.fusco@floridadep.gov)"
"HCTS","HCTS-A69-9007-6140-2022-02-17","Limulus polyphemus","horseshoe crab","2023-10-18","HCTSA","HCTSA","487551-W","487551",1.2,0.3,"A69-9007-6140","A69-9007","A69-9007-6140",162,NA,NA,"ADC","2022-02-19 11:56:38","UTC",-80.79027,28.62344,"0101000020E6100000A3409FC8933254C0AB048BC3999F3C40",2022,2,19,50,11.9438888888889,"Titusville","","Fusco, K., et al. 2021.","HCTSA-A69-9007-6140-23252","Kirk Fusco (kirk.fusco@floridadep.gov)","Kirk Fusco (kirk.fusco@floridadep.gov)"
"HCTS","HCTS-A69-9007-6140-2022-02-17","Limulus polyphemus","horseshoe crab","2023-10-18","HCTSA","HCTSA","487551-W","487551",1.2,0.3,"A69-9007-6140","A69-9007","A69-9007-6140",161,NA,NA,"ADC","2022-02-19 12:00:03","UTC",-80.79027,28.62344,"0101000020E6100000A3409FC8933254C0AB048BC3999F3C40",2022,2,19,50,12.0008333333333,"Titusville","","Fusco, K., et al. 2021.","HCTSA-A69-9007-6140-23257","Kirk Fusco (kirk.fusco@floridadep.gov)","Kirk Fusco (kirk.fusco@floridadep.gov)"
"HCTS","HCTS-A69-9007-6140-2022-02-17","Limulus polyphemus","horseshoe crab","2023-10-18","HCTSA","HCTSA","487551-W","487551",1.2,0.3,"A69-9007-6140","A69-9007","A69-9007-6140",162,NA,NA,"ADC","2022-02-19 12:03:37","UTC",-80.79027,28.62344,"0101000020E6100000A3409FC8933254C0AB048BC3999F3C40",2022,2,19,50,12.0602777777778,"Titusville","","Fusco, K., et al. 2021.","HCTSA-A69-9007-6140-23263","Kirk Fusco (kirk.fusco@floridadep.gov)","Kirk Fusco (kirk.fusco@floridadep.gov)"
"HCTS","HCTS-A69-9007-6140-2022-02-17","Limulus polyphemus","horseshoe crab","2023-10-18","HCTSA","HCTSA","487551-W","487551",1.2,0.3,"A69-9007-6140","A69-9007","A69-9007-6140",161,NA,NA,"ADC","2022-02-19 12:07:31","UTC",-80.79027,28.62344,"0101000020E6100000A3409FC8933254C0AB048BC3999F3C40",2022,2,19,50,12.1252777777778,"Titusville","","Fusco, K., et al. 2021.","HCTSA-A69-9007-6140-23268","Kirk Fusco (kirk.fusco@floridadep.gov)","Kirk Fusco (kirk.fusco@floridadep.gov)"
"HCTS","HCTS-A69-9007-6140-2022-02-17","Limulus polyphemus","horseshoe crab","2023-10-18","HCTSA","HCTSA","487551-W","487551",1.2,0.3,"A69-9007-6140","A69-9007","A69-9007-6140",161,NA,NA,"ADC","2022-02-19 12:12:05","UTC",-80.79027,28.62344,"0101000020E6100000A3409FC8933254C0AB048BC3999F3C40",2022,2,19,50,12.2013888888889,"Titusville","","Fusco, K., et al. 2021.","HCTSA-A69-9007-6140-23273","Kirk Fusco (kirk.fusco@floridadep.gov)","Kirk Fusco (kirk.fusco@floridadep.gov)"
"HCTS","HCTS-A69-9007-6140-2022-02-17","Limulus polyphemus","horseshoe crab","2023-10-18","HCTSA","HCTSA","487551-W","487551",1.2,0.3,"A69-9007-6140","A69-9007","A69-9007-6140",162,NA,NA,"ADC","2022-02-19 12:19:50","UTC",-80.79027,28.62344,"0101000020E6100000A3409FC8933254C0AB048BC3999F3C40",2022,2,19,50,12.3305555555556,"Titusville","","Fusco, K., et al. 2021.","HCTSA-A69-9007-6140-23281","Kirk Fusco (kirk.fusco@floridadep.gov)","Kirk Fusco (kirk.fusco@floridadep.gov)"
"HCTS","HCTS-A69-9007-6140-2022-02-17","Limulus polyphemus","horseshoe crab","2023-10-18","HCTSA","HCTSA","487551-W","487551",1.2,0.3,"A69-9007-6140","A69-9007","A69-9007-6140",161,NA,NA,"ADC","2022-02-19 12:23:39","UTC",-80.79027,28.62344,"0101000020E6100000A3409FC8933254C0AB048BC3999F3C40",2022,2,19,50,12.3941666666667,"Titusville","","Fusco, K., et al. 2021.","HCTSA-A69-9007-6140-23288","Kirk Fusco (kirk.fusco@floridadep.gov)","Kirk Fusco (kirk.fusco@floridadep.gov)"
"HCTS","HCTS-A69-9007-6140-2022-02-17","Limulus polyphemus","horseshoe crab","2023-10-18","HCTSA","HCTSA","487551-W","487551",1.2,0.3,"A69-9007-6140","A69-9007","A69-9007-6140",161,NA,NA,"ADC","2022-02-19 12:28:04","UTC",-80.79027,28.62344,"0101000020E6100000A3409FC8933254C0AB048BC3999F3C40",2022,2,19,50,12.4677777777778,"Titusville","","Fusco, K., et al. 2021.","HCTSA-A69-9007-6140-23293","Kirk Fusco (kirk.fusco@floridadep.gov)","Kirk Fusco (kirk.fusco@floridadep.gov)"
"HCTS","HCTS-A69-9007-6140-2022-02-17","Limulus polyphemus","horseshoe crab","2023-10-18","HCTSA","HCTSA","487551-W","487551",1.2,0.3,"A69-9007-6140","A69-9007","A69-9007-6140",161,NA,NA,"ADC","2022-02-19 12:31:59","UTC",-80.79027,28.62344,"0101000020E6100000A3409FC8933254C0AB048BC3999F3C40",2022,2,19,50,12.5330555555556,"Titusville","","Fusco, K., et al. 2021.","HCTSA-A69-9007-6140-23298","Kirk Fusco (kirk.fusco@floridadep.gov)","Kirk Fusco (kirk.fusco@floridadep.gov)"
"HCTS","HCTS-A69-9007-6140-2022-02-17","Limulus polyphemus","horseshoe crab","2023-10-18","HCTSA","HCTSA","487551-W","487551",1.2,0.3,"A69-9007-6140","A69-9007","A69-9007-6140",162,NA,NA,"ADC","2022-02-19 12:36:34","UTC",-80.79027,28.62344,"0101000020E6100000A3409FC8933254C0AB048BC3999F3C40",2022,2,19,50,12.6094444444444,"Titusville","","Fusco, K., et al. 2021.","HCTSA-A69-9007-6140-23303","Kirk Fusco (kirk.fusco@floridadep.gov)","Kirk Fusco (kirk.fusco@floridadep.gov)"
"HCTS","HCTS-A69-9007-6140-2022-02-17","Limulus polyphemus","horseshoe crab","2023-10-18","HCTSA","HCTSA","487551-W","487551",1.2,0.3,"A69-9007-6140","A69-9007","A69-9007-6140",161,NA,NA,"ADC","2022-02-19 12:40:51","UTC",-80.79027,28.62344,"0101000020E6100000A3409FC8933254C0AB048BC3999F3C40",2022,2,19,50,12.6808333333333,"Titusville","","Fusco, K., et al. 2021.","HCTSA-A69-9007-6140-23307","Kirk Fusco (kirk.fusco@floridadep.gov)","Kirk Fusco (kirk.fusco@floridadep.gov)"
"HCTS","HCTS-A69-9007-6140-2022-02-17","Limulus polyphemus","horseshoe crab","2023-10-18","HCTSA","HCTSA","487551-W","487551",1.2,0.3,"A69-9007-6140","A69-9007","A69-9007-6140",161,NA,NA,"ADC","2022-02-19 12:44:29","UTC",-80.79027,28.62344,"0101000020E6100000A3409FC8933254C0AB048BC3999F3C40",2022,2,19,50,12.7413888888889,"Titusville","","Fusco, K., et al. 2021.","HCTSA-A69-9007-6140-23316","Kirk Fusco (kirk.fusco@floridadep.gov)","Kirk Fusco (kirk.fusco@floridadep.gov)"
"HCTS","HCTS-A69-9007-6140-2022-02-17","Limulus polyphemus","horseshoe crab","2023-10-18","HCTSA","HCTSA","487550-SE","487550",1.2,0.3,"A69-9007-6140","A69-9007","A69-9007-6140",161,NA,NA,"ADC","2022-02-19 12:44:30","UTC",-80.78626,28.6223,"0101000020E6100000CA897615523254C0014D840D4F9F3C40",2022,2,19,50,12.7416666666667,"Titusville","","Fusco, K., et al. 2021.","HCTSA-A69-9007-6140-23317","Kirk Fusco (kirk.fusco@floridadep.gov)","Kirk Fusco (kirk.fusco@floridadep.gov)"
"HCTS","HCTS-A69-9007-6140-2022-02-17","Limulus polyphemus","horseshoe crab","2023-10-18","HCTSA","HCTSA","487551-W","487551",1.2,0.3,"A69-9007-6140","A69-9007","A69-9007-6140",162,NA,NA,"ADC","2022-02-19 12:48:31","UTC",-80.79027,28.62344,"0101000020E6100000A3409FC8933254C0AB048BC3999F3C40",2022,2,19,50,12.8086111111111,"Titusville","","Fusco, K., et al. 2021.","HCTSA-A69-9007-6140-23319","Kirk Fusco (kirk.fusco@floridadep.gov)","Kirk Fusco (kirk.fusco@floridadep.gov)"
"HCTS","HCTS-A69-9007-6140-2022-02-17","Limulus polyphemus","horseshoe crab","2023-10-18","HCTSA","HCTSA","487551-W","487551",1.2,0.3,"A69-9007-6140","A69-9007","A69-9007-6140",161,NA,NA,"ADC","2022-02-19 12:53:20","UTC",-80.79027,28.62344,"0101000020E6100000A3409FC8933254C0AB048BC3999F3C40",2022,2,19,50,12.8888888888889,"Titusville","","Fusco, K., et al. 2021.","HCTSA-A69-9007-6140-23327","Kirk Fusco (kirk.fusco@floridadep.gov)","Kirk Fusco (kirk.fusco@floridadep.gov)"
"HCTS","HCTS-A69-9007-6140-2022-02-17","Limulus polyphemus","horseshoe crab","2023-10-18","HCTSA","HCTSA","487551-W","487551",1.2,0.3,"A69-9007-6140","A69-9007","A69-9007-6140",161,NA,NA,"ADC","2022-02-19 12:58:05","UTC",-80.79027,28.62344,"0101000020E6100000A3409FC8933254C0AB048BC3999F3C40",2022,2,19,50,12.9680555555556,"Titusville","","Fusco, K., et al. 2021.","HCTSA-A69-9007-6140-23333","Kirk Fusco (kirk.fusco@floridadep.gov)","Kirk Fusco (kirk.fusco@floridadep.gov)"
"HCTS","HCTS-A69-9007-6140-2022-02-17","Limulus polyphemus","horseshoe crab","2023-10-18","HCTSA","HCTSA","487551-W","487551",1.2,0.3,"A69-9007-6140","A69-9007","A69-9007-6140",162,NA,NA,"ADC","2022-02-19 13:02:39","UTC",-80.79027,28.62344,"0101000020E6100000A3409FC8933254C0AB048BC3999F3C40",2022,2,19,50,13.0441666666667,"Titusville","","Fusco, K., et al. 2021.","HCTSA-A69-9007-6140-23336","Kirk Fusco (kirk.fusco@floridadep.gov)","Kirk Fusco (kirk.fusco@floridadep.gov)"
"HCTS","HCTS-A69-9007-6140-2022-02-17","Limulus polyphemus","horseshoe crab","2023-10-18","HCTSA","HCTSA","487551-W","487551",1.2,0.3,"A69-9007-6140","A69-9007","A69-9007-6140",162,NA,NA,"ADC","2022-02-19 13:06:53","UTC",-80.79027,28.62344,"0101000020E6100000A3409FC8933254C0AB048BC3999F3C40",2022,2,19,50,13.1147222222222,"Titusville","","Fusco, K., et al. 2021.","HCTSA-A69-9007-6140-23338","Kirk Fusco (kirk.fusco@floridadep.gov)","Kirk Fusco (kirk.fusco@floridadep.gov)"
"HCTS","HCTS-A69-9007-6140-2022-02-17","Limulus polyphemus","horseshoe crab","2023-10-18","HCTSA","HCTSA","487551-W","487551",1.2,0.3,"A69-9007-6140","A69-9007","A69-9007-6140",162,NA,NA,"ADC","2022-02-19 13:10:28","UTC",-80.79027,28.62344,"0101000020E6100000A3409FC8933254C0AB048BC3999F3C40",2022,2,19,50,13.1744444444444,"Titusville","","Fusco, K., et al. 2021.","HCTSA-A69-9007-6140-23339","Kirk Fusco (kirk.fusco@floridadep.gov)","Kirk Fusco (kirk.fusco@floridadep.gov)"
"HCTS","HCTS-A69-9007-6140-2022-02-17","Limulus polyphemus","horseshoe crab","2023-10-18","HCTSA","HCTSA","487551-W","487551",1.2,0.3,"A69-9007-6140","A69-9007","A69-9007-6140",161,NA,NA,"ADC","2022-02-19 13:18:54","UTC",-80.79027,28.62344,"0101000020E6100000A3409FC8933254C0AB048BC3999F3C40",2022,2,19,50,13.315,"Titusville","","Fusco, K., et al. 2021.","HCTSA-A69-9007-6140-23344","Kirk Fusco (kirk.fusco@floridadep.gov)","Kirk Fusco (kirk.fusco@floridadep.gov)"
"HCTS","HCTS-A69-9007-6140-2022-02-17","Limulus polyphemus","horseshoe crab","2023-10-18","HCTSA","HCTSA","487551-W","487551",1.2,0.3,"A69-9007-6140","A69-9007","A69-9007-6140",162,NA,NA,"ADC","2022-02-19 13:23:05","UTC",-80.79027,28.62344,"0101000020E6100000A3409FC8933254C0AB048BC3999F3C40",2022,2,19,50,13.3847222222222,"Titusville","","Fusco, K., et al. 2021.","HCTSA-A69-9007-6140-23348","Kirk Fusco (kirk.fusco@floridadep.gov)","Kirk Fusco (kirk.fusco@floridadep.gov)"
"HCTS","HCTS-A69-9007-6140-2022-02-17","Limulus polyphemus","horseshoe crab","2023-10-18","HCTSA","HCTSA","487551-W","487551",1.2,0.3,"A69-9007-6140","A69-9007","A69-9007-6140",161,NA,NA,"ADC","2022-02-19 13:30:13","UTC",-80.79027,28.62344,"0101000020E6100000A3409FC8933254C0AB048BC3999F3C40",2022,2,19,50,13.5036111111111,"Titusville","","Fusco, K., et al. 2021.","HCTSA-A69-9007-6140-23350","Kirk Fusco (kirk.fusco@floridadep.gov)","Kirk Fusco (kirk.fusco@floridadep.gov)"
"HCTS","HCTS-A69-9007-6140-2022-02-17","Limulus polyphemus","horseshoe crab","2023-10-18","HCTSA","HCTSA","487551-W","487551",1.2,0.3,"A69-9007-6140","A69-9007","A69-9007-6140",161,NA,NA,"ADC","2022-02-19 13:34:18","UTC",-80.79027,28.62344,"0101000020E6100000A3409FC8933254C0AB048BC3999F3C40",2022,2,19,50,13.5716666666667,"Titusville","","Fusco, K., et al. 2021.","HCTSA-A69-9007-6140-23355","Kirk Fusco (kirk.fusco@floridadep.gov)","Kirk Fusco (kirk.fusco@floridadep.gov)"
"HCTS","HCTS-A69-9007-6140-2022-02-17","Limulus polyphemus","horseshoe crab","2023-10-18","HCTSA","HCTSA","487551-W","487551",1.2,0.3,"A69-9007-6140","A69-9007","A69-9007-6140",161,NA,NA,"ADC","2022-02-19 13:37:34","UTC",-80.79027,28.62344,"0101000020E6100000A3409FC8933254C0AB048BC3999F3C40",2022,2,19,50,13.6261111111111,"Titusville","","Fusco, K., et al. 2021.","HCTSA-A69-9007-6140-23357","Kirk Fusco (kirk.fusco@floridadep.gov)","Kirk Fusco (kirk.fusco@floridadep.gov)"
"HCTS","HCTS-A69-9007-6140-2022-02-17","Limulus polyphemus","horseshoe crab","2023-10-18","HCTSA","HCTSA","487551-W","487551",1.2,0.3,"A69-9007-6140","A69-9007","A69-9007-6140",161,NA,NA,"ADC","2022-02-19 13:44:13","UTC",-80.79027,28.62344,"0101000020E6100000A3409FC8933254C0AB048BC3999F3C40",2022,2,19,50,13.7369444444444,"Titusville","","Fusco, K., et al. 2021.","HCTSA-A69-9007-6140-23361","Kirk Fusco (kirk.fusco@floridadep.gov)","Kirk Fusco (kirk.fusco@floridadep.gov)"
"HCTS","HCTS-A69-9007-6140-2022-02-17","Limulus polyphemus","horseshoe crab","2023-10-18","HCTSA","HCTSA","487551-W","487551",1.2,0.3,"A69-9007-6140","A69-9007","A69-9007-6140",161,NA,NA,"ADC","2022-02-19 13:47:41","UTC",-80.79027,28.62344,"0101000020E6100000A3409FC8933254C0AB048BC3999F3C40",2022,2,19,50,13.7947222222222,"Titusville","","Fusco, K., et al. 2021.","HCTSA-A69-9007-6140-23363","Kirk Fusco (kirk.fusco@floridadep.gov)","Kirk Fusco (kirk.fusco@floridadep.gov)"
"HCTS","HCTS-A69-9007-6140-2022-02-17","Limulus polyphemus","horseshoe crab","2023-10-18","HCTSA","HCTSA","487551-W","487551",1.2,0.3,"A69-9007-6140","A69-9007","A69-9007-6140",161,NA,NA,"ADC","2022-02-19 13:51:21","UTC",-80.79027,28.62344,"0101000020E6100000A3409FC8933254C0AB048BC3999F3C40",2022,2,19,50,13.8558333333333,"Titusville","","Fusco, K., et al. 2021.","HCTSA-A69-9007-6140-23366","Kirk Fusco (kirk.fusco@floridadep.gov)","Kirk Fusco (kirk.fusco@floridadep.gov)"
"HCTS","HCTS-A69-9007-6140-2022-02-17","Limulus polyphemus","horseshoe crab","2023-10-18","HCTSA","HCTSA","487551-W","487551",1.2,0.3,"A69-9007-6140","A69-9007","A69-9007-6140",161,NA,NA,"ADC","2022-02-19 13:58:45","UTC",-80.79027,28.62344,"0101000020E6100000A3409FC8933254C0AB048BC3999F3C40",2022,2,19,50,13.9791666666667,"Titusville","","Fusco, K., et al. 2021.","HCTSA-A69-9007-6140-23372","Kirk Fusco (kirk.fusco@floridadep.gov)","Kirk Fusco (kirk.fusco@floridadep.gov)"
"HCTS","HCTS-A69-9007-6140-2022-02-17","Limulus polyphemus","horseshoe crab","2023-10-18","HCTSA","HCTSA","487549-NE","487549",1.2,0.3,"A69-9007-6140","A69-9007","A69-9007-6140",162,NA,NA,"ADC","2022-02-19 14:02:05","UTC",-80.78791,28.62577,"0101000020E61000003F8C101E6D3254C063D1747632A03C40",2022,2,19,50,14.0347222222222,"Titusville","","Fusco, K., et al. 2021.","HCTSA-A69-9007-6140-23379","Kirk Fusco (kirk.fusco@floridadep.gov)","Kirk Fusco (kirk.fusco@floridadep.gov)"
"HCTS","HCTS-A69-9007-6140-2022-02-17","Limulus polyphemus","horseshoe crab","2023-10-18","HCTSA","HCTSA","487551-W","487551",1.2,0.3,"A69-9007-6140","A69-9007","A69-9007-6140",162,NA,NA,"ADC","2022-02-19 14:02:06","UTC",-80.79027,28.62344,"0101000020E6100000A3409FC8933254C0AB048BC3999F3C40",2022,2,19,50,14.035,"Titusville","","Fusco, K., et al. 2021.","HCTSA-A69-9007-6140-23380","Kirk Fusco (kirk.fusco@floridadep.gov)","Kirk Fusco (kirk.fusco@floridadep.gov)"
"HCTS","HCTS-A69-9007-6140-2022-02-17","Limulus polyphemus","horseshoe crab","2023-10-18","HCTSA","HCTSA","487551-W","487551",1.2,0.3,"A69-9007-6140","A69-9007","A69-9007-6140",161,NA,NA,"ADC","2022-02-19 14:05:34","UTC",-80.79027,28.62344,"0101000020E6100000A3409FC8933254C0AB048BC3999F3C40",2022,2,19,50,14.0927777777778,"Titusville","","Fusco, K., et al. 2021.","HCTSA-A69-9007-6140-23382","Kirk Fusco (kirk.fusco@floridadep.gov)","Kirk Fusco (kirk.fusco@floridadep.gov)"
"HCTS","HCTS-A69-9007-6140-2022-02-17","Limulus polyphemus","horseshoe crab","2023-10-18","HCTSA","HCTSA","487549-NE","487549",1.2,0.3,"A69-9007-6140","A69-9007","A69-9007-6140",160,NA,NA,"ADC","2022-02-19 15:06:14","UTC",-80.78791,28.62577,"0101000020E61000003F8C101E6D3254C063D1747632A03C40",2022,2,19,50,15.1038888888889,"Titusville","","Fusco, K., et al. 2021.","HCTSA-A69-9007-6140-23410","Kirk Fusco (kirk.fusco@floridadep.gov)","Kirk Fusco (kirk.fusco@floridadep.gov)"
"HCTS","HCTS-A69-9007-6140-2022-02-17","Limulus polyphemus","horseshoe crab","2023-10-18","HCTSA","HCTSA","487549-NE","487549",1.2,0.3,"A69-9007-6140","A69-9007","A69-9007-6140",160,NA,NA,"ADC","2022-02-19 15:13:37","UTC",-80.78791,28.62577,"0101000020E61000003F8C101E6D3254C063D1747632A03C40",2022,2,19,50,15.2269444444444,"Titusville","","Fusco, K., et al. 2021.","HCTSA-A69-9007-6140-23415","Kirk Fusco (kirk.fusco@floridadep.gov)","Kirk Fusco (kirk.fusco@floridadep.gov)"
"HCTS","HCTS-A69-9007-6140-2022-02-17","Limulus polyphemus","horseshoe crab","2023-10-18","HCTSA","HCTSA","487549-NE","487549",1.2,0.3,"A69-9007-6140","A69-9007","A69-9007-6140",160,NA,NA,"ADC","2022-02-19 15:16:56","UTC",-80.78791,28.62577,"0101000020E61000003F8C101E6D3254C063D1747632A03C40",2022,2,19,50,15.2822222222222,"Titusville","","Fusco, K., et al. 2021.","HCTSA-A69-9007-6140-23417","Kirk Fusco (kirk.fusco@floridadep.gov)","Kirk Fusco (kirk.fusco@floridadep.gov)"
"HCTS","HCTS-A69-9007-6140-2022-02-17","Limulus polyphemus","horseshoe crab","2023-10-18","HCTSA","HCTSA","487549-NE","487549",1.2,0.3,"A69-9007-6140","A69-9007","A69-9007-6140",160,NA,NA,"ADC","2022-02-19 15:20:19","UTC",-80.78791,28.62577,"0101000020E61000003F8C101E6D3254C063D1747632A03C40",2022,2,19,50,15.3386111111111,"Titusville","","Fusco, K., et al. 2021.","HCTSA-A69-9007-6140-23418","Kirk Fusco (kirk.fusco@floridadep.gov)","Kirk Fusco (kirk.fusco@floridadep.gov)"
"HCTS","HCTS-A69-9007-6140-2022-02-17","Limulus polyphemus","horseshoe crab","2023-10-18","HCTSA","HCTSA","487549-NE","487549",1.2,0.3,"A69-9007-6140","A69-9007","A69-9007-6140",160,NA,NA,"ADC","2022-02-19 15:23:50","UTC",-80.78791,28.62577,"0101000020E61000003F8C101E6D3254C063D1747632A03C40",2022,2,19,50,15.3972222222222,"Titusville","","Fusco, K., et al. 2021.","HCTSA-A69-9007-6140-23422","Kirk Fusco (kirk.fusco@floridadep.gov)","Kirk Fusco (kirk.fusco@floridadep.gov)"
"HCTS","HCTS-A69-9007-6140-2022-02-17","Limulus polyphemus","horseshoe crab","2023-10-18","HCTSA","HCTSA","487549-NE","487549",1.2,0.3,"A69-9007-6140","A69-9007","A69-9007-6140",160,NA,NA,"ADC","2022-02-19 15:31:58","UTC",-80.78791,28.62577,"0101000020E61000003F8C101E6D3254C063D1747632A03C40",2022,2,19,50,15.5327777777778,"Titusville","","Fusco, K., et al. 2021.","HCTSA-A69-9007-6140-23428","Kirk Fusco (kirk.fusco@floridadep.gov)","Kirk Fusco (kirk.fusco@floridadep.gov)"
"HCTS","HCTS-A69-9007-6140-2022-02-17","Limulus polyphemus","horseshoe crab","2023-10-18","HCTSA","HCTSA","487549-NE","487549",1.2,0.3,"A69-9007-6140","A69-9007","A69-9007-6140",160,NA,NA,"ADC","2022-02-19 15:40:00","UTC",-80.78791,28.62577,"0101000020E61000003F8C101E6D3254C063D1747632A03C40",2022,2,19,50,15.6666666666667,"Titusville","","Fusco, K., et al. 2021.","HCTSA-A69-9007-6140-23431","Kirk Fusco (kirk.fusco@floridadep.gov)","Kirk Fusco (kirk.fusco@floridadep.gov)"
"HCTS","HCTS-A69-9007-6140-2022-02-17","Limulus polyphemus","horseshoe crab","2023-10-18","HCTSA","HCTSA","487549-NE","487549",1.2,0.3,"A69-9007-6140","A69-9007","A69-9007-6140",160,NA,NA,"ADC","2022-02-19 15:47:41","UTC",-80.78791,28.62577,"0101000020E61000003F8C101E6D3254C063D1747632A03C40",2022,2,19,50,15.7947222222222,"Titusville","","Fusco, K., et al. 2021.","HCTSA-A69-9007-6140-23436","Kirk Fusco (kirk.fusco@floridadep.gov)","Kirk Fusco (kirk.fusco@floridadep.gov)"
"HCTS","HCTS-A69-9007-6140-2022-02-17","Limulus polyphemus","horseshoe crab","2023-10-18","HCTSA","HCTSA","487549-NE","487549",1.2,0.3,"A69-9007-6140","A69-9007","A69-9007-6140",160,NA,NA,"ADC","2022-02-19 15:52:30","UTC",-80.78791,28.62577,"0101000020E61000003F8C101E6D3254C063D1747632A03C40",2022,2,19,50,15.875,"Titusville","","Fusco, K., et al. 2021.","HCTSA-A69-9007-6140-23441","Kirk Fusco (kirk.fusco@floridadep.gov)","Kirk Fusco (kirk.fusco@floridadep.gov)"
"HCTS","HCTS-A69-9007-6140-2022-02-17","Limulus polyphemus","horseshoe crab","2023-10-18","HCTSA","HCTSA","487549-NE","487549",1.2,0.3,"A69-9007-6140","A69-9007","A69-9007-6140",160,NA,NA,"ADC","2022-02-19 15:57:16","UTC",-80.78791,28.62577,"0101000020E61000003F8C101E6D3254C063D1747632A03C40",2022,2,19,50,15.9544444444444,"Titusville","","Fusco, K., et al. 2021.","HCTSA-A69-9007-6140-23443","Kirk Fusco (kirk.fusco@floridadep.gov)","Kirk Fusco (kirk.fusco@floridadep.gov)"
"HCTS","HCTS-A69-9007-6140-2022-02-17","Limulus polyphemus","horseshoe crab","2023-10-18","HCTSA","HCTSA","487551-W","487551",1.2,0.3,"A69-9007-6140","A69-9007","A69-9007-6140",160,NA,NA,"ADC","2022-02-19 15:57:17","UTC",-80.79027,28.62344,"0101000020E6100000A3409FC8933254C0AB048BC3999F3C40",2022,2,19,50,15.9547222222222,"Titusville","","Fusco, K., et al. 2021.","HCTSA-A69-9007-6140-23444","Kirk Fusco (kirk.fusco@floridadep.gov)","Kirk Fusco (kirk.fusco@floridadep.gov)"
"HCTS","HCTS-A69-9007-6140-2022-02-17","Limulus polyphemus","horseshoe crab","2023-10-18","HCTSA","HCTSA","487549-NE","487549",1.2,0.3,"A69-9007-6140","A69-9007","A69-9007-6140",160,NA,NA,"ADC","2022-02-19 16:01:51","UTC",-80.78791,28.62577,"0101000020E61000003F8C101E6D3254C063D1747632A03C40",2022,2,19,50,16.0308333333333,"Titusville","","Fusco, K., et al. 2021.","HCTSA-A69-9007-6140-23450","Kirk Fusco (kirk.fusco@floridadep.gov)","Kirk Fusco (kirk.fusco@floridadep.gov)"
"HCTS","HCTS-A69-9007-6140-2022-02-17","Limulus polyphemus","horseshoe crab","2023-10-18","HCTSA","HCTSA","487549-NE","487549",1.2,0.3,"A69-9007-6140","A69-9007","A69-9007-6140",160,NA,NA,"ADC","2022-02-19 16:06:07","UTC",-80.78791,28.62577,"0101000020E61000003F8C101E6D3254C063D1747632A03C40",2022,2,19,50,16.1019444444444,"Titusville","","Fusco, K., et al. 2021.","HCTSA-A69-9007-6140-23455","Kirk Fusco (kirk.fusco@floridadep.gov)","Kirk Fusco (kirk.fusco@floridadep.gov)"
"HCTS","HCTS-A69-9007-6140-2022-02-17","Limulus polyphemus","horseshoe crab","2023-10-18","HCTSA","HCTSA","487549-NE","487549",1.2,0.3,"A69-9007-6140","A69-9007","A69-9007-6140",160,NA,NA,"ADC","2022-02-19 16:09:45","UTC",-80.78791,28.62577,"0101000020E61000003F8C101E6D3254C063D1747632A03C40",2022,2,19,50,16.1625,"Titusville","","Fusco, K., et al. 2021.","HCTSA-A69-9007-6140-23460","Kirk Fusco (kirk.fusco@floridadep.gov)","Kirk Fusco (kirk.fusco@floridadep.gov)"
"HCTS","HCTS-A69-9007-6140-2022-02-17","Limulus polyphemus","horseshoe crab","2023-10-18","HCTSA","HCTSA","487551-W","487551",1.2,0.3,"A69-9007-6140","A69-9007","A69-9007-6140",160,NA,NA,"ADC","2022-02-19 16:09:46","UTC",-80.79027,28.62344,"0101000020E6100000A3409FC8933254C0AB048BC3999F3C40",2022,2,19,50,16.1627777777778,"Titusville","","Fusco, K., et al. 2021.","HCTSA-A69-9007-6140-23461","Kirk Fusco (kirk.fusco@floridadep.gov)","Kirk Fusco (kirk.fusco@floridadep.gov)"
"HCTS","HCTS-A69-9007-6140-2022-02-17","Limulus polyphemus","horseshoe crab","2023-10-18","HCTSA","HCTSA","487549-NE","487549",1.2,0.3,"A69-9007-6140","A69-9007","A69-9007-6140",160,NA,NA,"ADC","2022-02-19 16:13:45","UTC",-80.78791,28.62577,"0101000020E61000003F8C101E6D3254C063D1747632A03C40",2022,2,19,50,16.2291666666667,"Titusville","","Fusco, K., et al. 2021.","HCTSA-A69-9007-6140-23465","Kirk Fusco (kirk.fusco@floridadep.gov)","Kirk Fusco (kirk.fusco@floridadep.gov)"
"HCTS","HCTS-A69-9007-6140-2022-02-17","Limulus polyphemus","horseshoe crab","2023-10-18","HCTSA","HCTSA","487549-NE","487549",1.2,0.3,"A69-9007-6140","A69-9007","A69-9007-6140",160,NA,NA,"ADC","2022-02-19 16:18:31","UTC",-80.78791,28.62577,"0101000020E61000003F8C101E6D3254C063D1747632A03C40",2022,2,19,50,16.3086111111111,"Titusville","","Fusco, K., et al. 2021.","HCTSA-A69-9007-6140-23469","Kirk Fusco (kirk.fusco@floridadep.gov)","Kirk Fusco (kirk.fusco@floridadep.gov)"
"HCTS","HCTS-A69-9007-6140-2022-02-17","Limulus polyphemus","horseshoe crab","2023-10-18","HCTSA","HCTSA","487549-NE","487549",1.2,0.3,"A69-9007-6140","A69-9007","A69-9007-6140",160,NA,NA,"ADC","2022-02-19 16:23:07","UTC",-80.78791,28.62577,"0101000020E61000003F8C101E6D3254C063D1747632A03C40",2022,2,19,50,16.3852777777778,"Titusville","","Fusco, K., et al. 2021.","HCTSA-A69-9007-6140-23472","Kirk Fusco (kirk.fusco@floridadep.gov)","Kirk Fusco (kirk.fusco@floridadep.gov)"
"HCTS","HCTS-A69-9007-6140-2022-02-17","Limulus polyphemus","horseshoe crab","2023-10-18","HCTSA","HCTSA","487549-NE","487549",1.2,0.3,"A69-9007-6140","A69-9007","A69-9007-6140",160,NA,NA,"ADC","2022-02-19 16:27:24","UTC",-80.78791,28.62577,"0101000020E61000003F8C101E6D3254C063D1747632A03C40",2022,2,19,50,16.4566666666667,"Titusville","","Fusco, K., et al. 2021.","HCTSA-A69-9007-6140-23477","Kirk Fusco (kirk.fusco@floridadep.gov)","Kirk Fusco (kirk.fusco@floridadep.gov)"
"HCTS","HCTS-A69-9007-6140-2022-02-17","Limulus polyphemus","horseshoe crab","2023-10-18","HCTSA","HCTSA","487549-NE","487549",1.2,0.3,"A69-9007-6140","A69-9007","A69-9007-6140",160,NA,NA,"ADC","2022-02-19 16:31:05","UTC",-80.78791,28.62577,"0101000020E61000003F8C101E6D3254C063D1747632A03C40",2022,2,19,50,16.5180555555556,"Titusville","","Fusco, K., et al. 2021.","HCTSA-A69-9007-6140-23481","Kirk Fusco (kirk.fusco@floridadep.gov)","Kirk Fusco (kirk.fusco@floridadep.gov)"
"HCTS","HCTS-A69-9007-6140-2022-02-17","Limulus polyphemus","horseshoe crab","2023-10-18","HCTSA","HCTSA","487549-NE","487549",1.2,0.3,"A69-9007-6140","A69-9007","A69-9007-6140",160,NA,NA,"ADC","2022-02-19 16:35:11","UTC",-80.78791,28.62577,"0101000020E61000003F8C101E6D3254C063D1747632A03C40",2022,2,19,50,16.5863888888889,"Titusville","","Fusco, K., et al. 2021.","HCTSA-A69-9007-6140-23484","Kirk Fusco (kirk.fusco@floridadep.gov)","Kirk Fusco (kirk.fusco@floridadep.gov)"
"HCTS","HCTS-A69-9007-6140-2022-02-17","Limulus polyphemus","horseshoe crab","2023-10-18","HCTSA","HCTSA","487551-W","487551",1.2,0.3,"A69-9007-6140","A69-9007","A69-9007-6140",160,NA,NA,"ADC","2022-02-19 16:35:12","UTC",-80.79027,28.62344,"0101000020E6100000A3409FC8933254C0AB048BC3999F3C40",2022,2,19,50,16.5866666666667,"Titusville","","Fusco, K., et al. 2021.","HCTSA-A69-9007-6140-23485","Kirk Fusco (kirk.fusco@floridadep.gov)","Kirk Fusco (kirk.fusco@floridadep.gov)"
"HCTS","HCTS-A69-9007-6140-2022-02-17","Limulus polyphemus","horseshoe crab","2023-10-18","HCTSA","HCTSA","487549-NE","487549",1.2,0.3,"A69-9007-6140","A69-9007","A69-9007-6140",160,NA,NA,"ADC","2022-02-19 16:38:27","UTC",-80.78791,28.62577,"0101000020E61000003F8C101E6D3254C063D1747632A03C40",2022,2,19,50,16.6408333333333,"Titusville","","Fusco, K., et al. 2021.","HCTSA-A69-9007-6140-23488","Kirk Fusco (kirk.fusco@floridadep.gov)","Kirk Fusco (kirk.fusco@floridadep.gov)"
"HCTS","HCTS-A69-9007-6140-2022-02-17","Limulus polyphemus","horseshoe crab","2023-10-18","HCTSA","HCTSA","487549-NE","487549",1.2,0.3,"A69-9007-6140","A69-9007","A69-9007-6140",160,NA,NA,"ADC","2022-02-19 16:41:45","UTC",-80.78791,28.62577,"0101000020E61000003F8C101E6D3254C063D1747632A03C40",2022,2,19,50,16.6958333333333,"Titusville","","Fusco, K., et al. 2021.","HCTSA-A69-9007-6140-23492","Kirk Fusco (kirk.fusco@floridadep.gov)","Kirk Fusco (kirk.fusco@floridadep.gov)"
"HCTS","HCTS-A69-9007-6140-2022-02-17","Limulus polyphemus","horseshoe crab","2023-10-18","HCTSA","HCTSA","487549-NE","487549",1.2,0.3,"A69-9007-6140","A69-9007","A69-9007-6140",160,NA,NA,"ADC","2022-02-19 16:45:07","UTC",-80.78791,28.62577,"0101000020E61000003F8C101E6D3254C063D1747632A03C40",2022,2,19,50,16.7519444444444,"Titusville","","Fusco, K., et al. 2021.","HCTSA-A69-9007-6140-23495","Kirk Fusco (kirk.fusco@floridadep.gov)","Kirk Fusco (kirk.fusco@floridadep.gov)"
"HCTS","HCTS-A69-9007-6140-2022-02-17","Limulus polyphemus","horseshoe crab","2023-10-18","HCTSA","HCTSA","487551-W","487551",1.2,0.3,"A69-9007-6140","A69-9007","A69-9007-6140",160,NA,NA,"ADC","2022-02-19 16:45:08","UTC",-80.79027,28.62344,"0101000020E6100000A3409FC8933254C0AB048BC3999F3C40",2022,2,19,50,16.7522222222222,"Titusville","","Fusco, K., et al. 2021.","HCTSA-A69-9007-6140-23496","Kirk Fusco (kirk.fusco@floridadep.gov)","Kirk Fusco (kirk.fusco@floridadep.gov)"
"HCTS","HCTS-A69-9007-6140-2022-02-17","Limulus polyphemus","horseshoe crab","2023-10-18","HCTSA","HCTSA","487549-NE","487549",1.2,0.3,"A69-9007-6140","A69-9007","A69-9007-6140",160,NA,NA,"ADC","2022-02-19 16:48:34","UTC",-80.78791,28.62577,"0101000020E61000003F8C101E6D3254C063D1747632A03C40",2022,2,19,50,16.8094444444444,"Titusville","","Fusco, K., et al. 2021.","HCTSA-A69-9007-6140-23500","Kirk Fusco (kirk.fusco@floridadep.gov)","Kirk Fusco (kirk.fusco@floridadep.gov)"
"HCTS","HCTS-A69-9007-6140-2022-02-17","Limulus polyphemus","horseshoe crab","2023-10-18","HCTSA","HCTSA","487549-NE","487549",1.2,0.3,"A69-9007-6140","A69-9007","A69-9007-6140",160,NA,NA,"ADC","2022-02-19 16:56:20","UTC",-80.78791,28.62577,"0101000020E61000003F8C101E6D3254C063D1747632A03C40",2022,2,19,50,16.9388888888889,"Titusville","","Fusco, K., et al. 2021.","HCTSA-A69-9007-6140-23507","Kirk Fusco (kirk.fusco@floridadep.gov)","Kirk Fusco (kirk.fusco@floridadep.gov)"
"HCTS","HCTS-A69-9007-6140-2022-02-17","Limulus polyphemus","horseshoe crab","2023-10-18","HCTSA","HCTSA","487549-NE","487549",1.2,0.3,"A69-9007-6140","A69-9007","A69-9007-6140",160,NA,NA,"ADC","2022-02-19 16:59:36","UTC",-80.78791,28.62577,"0101000020E61000003F8C101E6D3254C063D1747632A03C40",2022,2,19,50,16.9933333333333,"Titusville","","Fusco, K., et al. 2021.","HCTSA-A69-9007-6140-23509","Kirk Fusco (kirk.fusco@floridadep.gov)","Kirk Fusco (kirk.fusco@floridadep.gov)"
"HCTS","HCTS-A69-9007-6140-2022-02-17","Limulus polyphemus","horseshoe crab","2023-10-18","HCTSA","HCTSA","487549-NE","487549",1.2,0.3,"A69-9007-6140","A69-9007","A69-9007-6140",160,NA,NA,"ADC","2022-02-19 17:02:54","UTC",-80.78791,28.62577,"0101000020E61000003F8C101E6D3254C063D1747632A03C40",2022,2,19,50,17.0483333333333,"Titusville","","Fusco, K., et al. 2021.","HCTSA-A69-9007-6140-23511","Kirk Fusco (kirk.fusco@floridadep.gov)","Kirk Fusco (kirk.fusco@floridadep.gov)"
"HCTS","HCTS-A69-9007-6140-2022-02-17","Limulus polyphemus","horseshoe crab","2023-10-18","HCTSA","HCTSA","487549-NE","487549",1.2,0.3,"A69-9007-6140","A69-9007","A69-9007-6140",160,NA,NA,"ADC","2022-02-19 17:06:15","UTC",-80.78791,28.62577,"0101000020E61000003F8C101E6D3254C063D1747632A03C40",2022,2,19,50,17.1041666666667,"Titusville","","Fusco, K., et al. 2021.","HCTSA-A69-9007-6140-23516","Kirk Fusco (kirk.fusco@floridadep.gov)","Kirk Fusco (kirk.fusco@floridadep.gov)"
"HCTS","HCTS-A69-9007-6140-2022-02-17","Limulus polyphemus","horseshoe crab","2023-10-18","HCTSA","HCTSA","487549-NE","487549",1.2,0.3,"A69-9007-6140","A69-9007","A69-9007-6140",160,NA,NA,"ADC","2022-02-19 17:09:42","UTC",-80.78791,28.62577,"0101000020E61000003F8C101E6D3254C063D1747632A03C40",2022,2,19,50,17.1616666666667,"Titusville","","Fusco, K., et al. 2021.","HCTSA-A69-9007-6140-23518","Kirk Fusco (kirk.fusco@floridadep.gov)","Kirk Fusco (kirk.fusco@floridadep.gov)"
"HCTS","HCTS-A69-9007-6140-2022-02-17","Limulus polyphemus","horseshoe crab","2023-10-18","HCTSA","HCTSA","487549-NE","487549",1.2,0.3,"A69-9007-6140","A69-9007","A69-9007-6140",160,NA,NA,"ADC","2022-02-19 17:13:21","UTC",-80.78791,28.62577,"0101000020E61000003F8C101E6D3254C063D1747632A03C40",2022,2,19,50,17.2225,"Titusville","","Fusco, K., et al. 2021.","HCTSA-A69-9007-6140-23522","Kirk Fusco (kirk.fusco@floridadep.gov)","Kirk Fusco (kirk.fusco@floridadep.gov)"
"HCTS","HCTS-A69-9007-6140-2022-02-17","Limulus polyphemus","horseshoe crab","2023-10-18","HCTSA","HCTSA","487549-NE","487549",1.2,0.3,"A69-9007-6140","A69-9007","A69-9007-6140",160,NA,NA,"ADC","2022-02-19 17:17:25","UTC",-80.78791,28.62577,"0101000020E61000003F8C101E6D3254C063D1747632A03C40",2022,2,19,50,17.2902777777778,"Titusville","","Fusco, K., et al. 2021.","HCTSA-A69-9007-6140-23526","Kirk Fusco (kirk.fusco@floridadep.gov)","Kirk Fusco (kirk.fusco@floridadep.gov)"
"HCTS","HCTS-A69-9007-6140-2022-02-17","Limulus polyphemus","horseshoe crab","2023-10-18","HCTSA","HCTSA","487549-NE","487549",1.2,0.3,"A69-9007-6140","A69-9007","A69-9007-6140",160,NA,NA,"ADC","2022-02-19 17:22:19","UTC",-80.78791,28.62577,"0101000020E61000003F8C101E6D3254C063D1747632A03C40",2022,2,19,50,17.3719444444444,"Titusville","","Fusco, K., et al. 2021.","HCTSA-A69-9007-6140-23530","Kirk Fusco (kirk.fusco@floridadep.gov)","Kirk Fusco (kirk.fusco@floridadep.gov)"
"HCTS","HCTS-A69-9007-6140-2022-02-17","Limulus polyphemus","horseshoe crab","2023-10-18","HCTSA","HCTSA","487549-NE","487549",1.2,0.3,"A69-9007-6140","A69-9007","A69-9007-6140",161,NA,NA,"ADC","2022-02-19 17:27:11","UTC",-80.78791,28.62577,"0101000020E61000003F8C101E6D3254C063D1747632A03C40",2022,2,19,50,17.4530555555556,"Titusville","","Fusco, K., et al. 2021.","HCTSA-A69-9007-6140-23538","Kirk Fusco (kirk.fusco@floridadep.gov)","Kirk Fusco (kirk.fusco@floridadep.gov)"
"HCTS","HCTS-A69-9007-6140-2022-02-17","Limulus polyphemus","horseshoe crab","2023-10-18","HCTSA","HCTSA","487549-NE","487549",1.2,0.3,"A69-9007-6140","A69-9007","A69-9007-6140",160,NA,NA,"ADC","2022-02-19 17:32:02","UTC",-80.78791,28.62577,"0101000020E61000003F8C101E6D3254C063D1747632A03C40",2022,2,19,50,17.5338888888889,"Titusville","","Fusco, K., et al. 2021.","HCTSA-A69-9007-6140-23542","Kirk Fusco (kirk.fusco@floridadep.gov)","Kirk Fusco (kirk.fusco@floridadep.gov)"
"HCTS","HCTS-A69-9007-6140-2022-02-17","Limulus polyphemus","horseshoe crab","2023-10-18","HCTSA","HCTSA","487549-NE","487549",1.2,0.3,"A69-9007-6140","A69-9007","A69-9007-6140",160,NA,NA,"ADC","2022-02-19 17:36:47","UTC",-80.78791,28.62577,"0101000020E61000003F8C101E6D3254C063D1747632A03C40",2022,2,19,50,17.6130555555556,"Titusville","","Fusco, K., et al. 2021.","HCTSA-A69-9007-6140-23548","Kirk Fusco (kirk.fusco@floridadep.gov)","Kirk Fusco (kirk.fusco@floridadep.gov)"
"HCTS","HCTS-A69-9007-6140-2022-02-17","Limulus polyphemus","horseshoe crab","2023-10-18","HCTSA","HCTSA","487549-NE","487549",1.2,0.3,"A69-9007-6140","A69-9007","A69-9007-6140",160,NA,NA,"ADC","2022-02-19 17:45:42","UTC",-80.78791,28.62577,"0101000020E61000003F8C101E6D3254C063D1747632A03C40",2022,2,19,50,17.7616666666667,"Titusville","","Fusco, K., et al. 2021.","HCTSA-A69-9007-6140-23552","Kirk Fusco (kirk.fusco@floridadep.gov)","Kirk Fusco (kirk.fusco@floridadep.gov)"
"HCTS","HCTS-A69-9007-6140-2022-02-17","Limulus polyphemus","horseshoe crab","2023-10-18","HCTSA","HCTSA","487549-NE","487549",1.2,0.3,"A69-9007-6140","A69-9007","A69-9007-6140",161,NA,NA,"ADC","2022-02-19 17:49:23","UTC",-80.78791,28.62577,"0101000020E61000003F8C101E6D3254C063D1747632A03C40",2022,2,19,50,17.8230555555556,"Titusville","","Fusco, K., et al. 2021.","HCTSA-A69-9007-6140-23557","Kirk Fusco (kirk.fusco@floridadep.gov)","Kirk Fusco (kirk.fusco@floridadep.gov)"
"HCTS","HCTS-A69-9007-6140-2022-02-17","Limulus polyphemus","horseshoe crab","2023-10-18","HCTSA","HCTSA","487549-NE","487549",1.2,0.3,"A69-9007-6140","A69-9007","A69-9007-6140",161,NA,NA,"ADC","2022-02-19 17:53:32","UTC",-80.78791,28.62577,"0101000020E61000003F8C101E6D3254C063D1747632A03C40",2022,2,19,50,17.8922222222222,"Titusville","","Fusco, K., et al. 2021.","HCTSA-A69-9007-6140-23564","Kirk Fusco (kirk.fusco@floridadep.gov)","Kirk Fusco (kirk.fusco@floridadep.gov)"
"HCTS","HCTS-A69-9007-6140-2022-02-17","Limulus polyphemus","horseshoe crab","2023-10-18","HCTSA","HCTSA","487549-NE","487549",1.2,0.3,"A69-9007-6140","A69-9007","A69-9007-6140",161,NA,NA,"ADC","2022-02-19 17:56:56","UTC",-80.78791,28.62577,"0101000020E61000003F8C101E6D3254C063D1747632A03C40",2022,2,19,50,17.9488888888889,"Titusville","","Fusco, K., et al. 2021.","HCTSA-A69-9007-6140-23568","Kirk Fusco (kirk.fusco@floridadep.gov)","Kirk Fusco (kirk.fusco@floridadep.gov)"
"HCTS","HCTS-A69-9007-6140-2022-02-17","Limulus polyphemus","horseshoe crab","2023-10-18","HCTSA","HCTSA","487551-W","487551",1.2,0.3,"A69-9007-6140","A69-9007","A69-9007-6140",161,NA,NA,"ADC","2022-02-19 17:56:57","UTC",-80.79027,28.62344,"0101000020E6100000A3409FC8933254C0AB048BC3999F3C40",2022,2,19,50,17.9491666666667,"Titusville","","Fusco, K., et al. 2021.","HCTSA-A69-9007-6140-23569","Kirk Fusco (kirk.fusco@floridadep.gov)","Kirk Fusco (kirk.fusco@floridadep.gov)"
"HCTS","HCTS-A69-9007-6140-2022-02-17","Limulus polyphemus","horseshoe crab","2023-10-18","HCTSA","HCTSA","487549-NE","487549",1.2,0.3,"A69-9007-6140","A69-9007","A69-9007-6140",161,NA,NA,"ADC","2022-02-19 18:00:29","UTC",-80.78791,28.62577,"0101000020E61000003F8C101E6D3254C063D1747632A03C40",2022,2,19,50,18.0080555555556,"Titusville","","Fusco, K., et al. 2021.","HCTSA-A69-9007-6140-23571","Kirk Fusco (kirk.fusco@floridadep.gov)","Kirk Fusco (kirk.fusco@floridadep.gov)"
"HCTS","HCTS-A69-9007-6140-2022-02-17","Limulus polyphemus","horseshoe crab","2023-10-18","HCTSA","HCTSA","487549-NE","487549",1.2,0.3,"A69-9007-6140","A69-9007","A69-9007-6140",161,NA,NA,"ADC","2022-02-19 18:08:48","UTC",-80.78791,28.62577,"0101000020E61000003F8C101E6D3254C063D1747632A03C40",2022,2,19,50,18.1466666666667,"Titusville","","Fusco, K., et al. 2021.","HCTSA-A69-9007-6140-23578","Kirk Fusco (kirk.fusco@floridadep.gov)","Kirk Fusco (kirk.fusco@floridadep.gov)"
"HCTS","HCTS-A69-9007-6140-2022-02-17","Limulus polyphemus","horseshoe crab","2023-10-18","HCTSA","HCTSA","487549-NE","487549",1.2,0.3,"A69-9007-6140","A69-9007","A69-9007-6140",161,NA,NA,"ADC","2022-02-19 18:12:50","UTC",-80.78791,28.62577,"0101000020E61000003F8C101E6D3254C063D1747632A03C40",2022,2,19,50,18.2138888888889,"Titusville","","Fusco, K., et al. 2021.","HCTSA-A69-9007-6140-23582","Kirk Fusco (kirk.fusco@floridadep.gov)","Kirk Fusco (kirk.fusco@floridadep.gov)"
"HCTS","HCTS-A69-9007-6140-2022-02-17","Limulus polyphemus","horseshoe crab","2023-10-18","HCTSA","HCTSA","487549-NE","487549",1.2,0.3,"A69-9007-6140","A69-9007","A69-9007-6140",162,NA,NA,"ADC","2022-02-19 18:17:39","UTC",-80.78791,28.62577,"0101000020E61000003F8C101E6D3254C063D1747632A03C40",2022,2,19,50,18.2941666666667,"Titusville","","Fusco, K., et al. 2021.","HCTSA-A69-9007-6140-23589","Kirk Fusco (kirk.fusco@floridadep.gov)","Kirk Fusco (kirk.fusco@floridadep.gov)"
"HCTS","HCTS-A69-9007-6140-2022-02-17","Limulus polyphemus","horseshoe crab","2023-10-18","HCTSA","HCTSA","487549-NE","487549",1.2,0.3,"A69-9007-6140","A69-9007","A69-9007-6140",161,NA,NA,"ADC","2022-02-19 18:22:23","UTC",-80.78791,28.62577,"0101000020E61000003F8C101E6D3254C063D1747632A03C40",2022,2,19,50,18.3730555555556,"Titusville","","Fusco, K., et al. 2021.","HCTSA-A69-9007-6140-23594","Kirk Fusco (kirk.fusco@floridadep.gov)","Kirk Fusco (kirk.fusco@floridadep.gov)"
"HCTS","HCTS-A69-9007-6140-2022-02-17","Limulus polyphemus","horseshoe crab","2023-10-18","HCTSA","HCTSA","487549-NE","487549",1.2,0.3,"A69-9007-6140","A69-9007","A69-9007-6140",161,NA,NA,"ADC","2022-02-19 18:26:57","UTC",-80.78791,28.62577,"0101000020E61000003F8C101E6D3254C063D1747632A03C40",2022,2,19,50,18.4491666666667,"Titusville","","Fusco, K., et al. 2021.","HCTSA-A69-9007-6140-23602","Kirk Fusco (kirk.fusco@floridadep.gov)","Kirk Fusco (kirk.fusco@floridadep.gov)"
"HCTS","HCTS-A69-9007-6140-2022-02-17","Limulus polyphemus","horseshoe crab","2023-10-18","HCTSA","HCTSA","487549-NE","487549",1.2,0.3,"A69-9007-6140","A69-9007","A69-9007-6140",161,NA,NA,"ADC","2022-02-19 18:31:11","UTC",-80.78791,28.62577,"0101000020E61000003F8C101E6D3254C063D1747632A03C40",2022,2,19,50,18.5197222222222,"Titusville","","Fusco, K., et al. 2021.","HCTSA-A69-9007-6140-23605","Kirk Fusco (kirk.fusco@floridadep.gov)","Kirk Fusco (kirk.fusco@floridadep.gov)"
"HCTS","HCTS-A69-9007-6140-2022-02-17","Limulus polyphemus","horseshoe crab","2023-10-18","HCTSA","HCTSA","487549-NE","487549",1.2,0.3,"A69-9007-6140","A69-9007","A69-9007-6140",161,NA,NA,"ADC","2022-02-19 18:42:59","UTC",-80.78791,28.62577,"0101000020E61000003F8C101E6D3254C063D1747632A03C40",2022,2,19,50,18.7163888888889,"Titusville","","Fusco, K., et al. 2021.","HCTSA-A69-9007-6140-23619","Kirk Fusco (kirk.fusco@floridadep.gov)","Kirk Fusco (kirk.fusco@floridadep.gov)"
"HCTS","HCTS-A69-9007-6140-2022-02-17","Limulus polyphemus","horseshoe crab","2023-10-18","HCTSA","HCTSA","487549-NE","487549",1.2,0.3,"A69-9007-6140","A69-9007","A69-9007-6140",161,NA,NA,"ADC","2022-02-19 18:46:56","UTC",-80.78791,28.62577,"0101000020E61000003F8C101E6D3254C063D1747632A03C40",2022,2,19,50,18.7822222222222,"Titusville","","Fusco, K., et al. 2021.","HCTSA-A69-9007-6140-23624","Kirk Fusco (kirk.fusco@floridadep.gov)","Kirk Fusco (kirk.fusco@floridadep.gov)"
"HCTS","HCTS-A69-9007-6140-2022-02-17","Limulus polyphemus","horseshoe crab","2023-10-18","HCTSA","HCTSA","487549-NE","487549",1.2,0.3,"A69-9007-6140","A69-9007","A69-9007-6140",161,NA,NA,"ADC","2022-02-19 18:51:37","UTC",-80.78791,28.62577,"0101000020E61000003F8C101E6D3254C063D1747632A03C40",2022,2,19,50,18.8602777777778,"Titusville","","Fusco, K., et al. 2021.","HCTSA-A69-9007-6140-23631","Kirk Fusco (kirk.fusco@floridadep.gov)","Kirk Fusco (kirk.fusco@floridadep.gov)"
"HCTS","HCTS-A69-9007-6140-2022-02-17","Limulus polyphemus","horseshoe crab","2023-10-18","HCTSA","HCTSA","487551-W","487551",1.2,0.3,"A69-9007-6140","A69-9007","A69-9007-6140",161,NA,NA,"ADC","2022-02-19 18:51:39","UTC",-80.79027,28.62344,"0101000020E6100000A3409FC8933254C0AB048BC3999F3C40",2022,2,19,50,18.8608333333333,"Titusville","","Fusco, K., et al. 2021.","HCTSA-A69-9007-6140-23632","Kirk Fusco (kirk.fusco@floridadep.gov)","Kirk Fusco (kirk.fusco@floridadep.gov)"
"HCTS","HCTS-A69-9007-6140-2022-02-17","Limulus polyphemus","horseshoe crab","2023-10-18","HCTSA","HCTSA","487549-NE","487549",1.2,0.3,"A69-9007-6140","A69-9007","A69-9007-6140",161,NA,NA,"ADC","2022-02-19 18:56:05","UTC",-80.78791,28.62577,"0101000020E61000003F8C101E6D3254C063D1747632A03C40",2022,2,19,50,18.9347222222222,"Titusville","","Fusco, K., et al. 2021.","HCTSA-A69-9007-6140-23637","Kirk Fusco (kirk.fusco@floridadep.gov)","Kirk Fusco (kirk.fusco@floridadep.gov)"
"HCTS","HCTS-A69-9007-6140-2022-02-17","Limulus polyphemus","horseshoe crab","2023-10-18","HCTSA","HCTSA","487549-NE","487549",1.2,0.3,"A69-9007-6140","A69-9007","A69-9007-6140",161,NA,NA,"ADC","2022-02-19 19:00:05","UTC",-80.78791,28.62577,"0101000020E61000003F8C101E6D3254C063D1747632A03C40",2022,2,19,50,19.0013888888889,"Titusville","","Fusco, K., et al. 2021.","HCTSA-A69-9007-6140-23640","Kirk Fusco (kirk.fusco@floridadep.gov)","Kirk Fusco (kirk.fusco@floridadep.gov)"
"HCTS","HCTS-A69-9007-6140-2022-02-17","Limulus polyphemus","horseshoe crab","2023-10-18","HCTSA","HCTSA","487551-W","487551",1.2,0.3,"A69-9007-6140","A69-9007","A69-9007-6140",161,NA,NA,"ADC","2022-02-19 19:00:06","UTC",-80.79027,28.62344,"0101000020E6100000A3409FC8933254C0AB048BC3999F3C40",2022,2,19,50,19.0016666666667,"Titusville","","Fusco, K., et al. 2021.","HCTSA-A69-9007-6140-23641","Kirk Fusco (kirk.fusco@floridadep.gov)","Kirk Fusco (kirk.fusco@floridadep.gov)"
"HCTS","HCTS-A69-9007-6140-2022-02-17","Limulus polyphemus","horseshoe crab","2023-10-18","HCTSA","HCTSA","487549-NE","487549",1.2,0.3,"A69-9007-6140","A69-9007","A69-9007-6140",163,NA,NA,"ADC","2022-02-19 19:04:51","UTC",-80.78791,28.62577,"0101000020E61000003F8C101E6D3254C063D1747632A03C40",2022,2,19,50,19.0808333333333,"Titusville","","Fusco, K., et al. 2021.","HCTSA-A69-9007-6140-23648","Kirk Fusco (kirk.fusco@floridadep.gov)","Kirk Fusco (kirk.fusco@floridadep.gov)"
"HCTS","HCTS-A69-9007-6140-2022-02-17","Limulus polyphemus","horseshoe crab","2023-10-18","HCTSA","HCTSA","487551-W","487551",1.2,0.3,"A69-9007-6140","A69-9007","A69-9007-6140",163,NA,NA,"ADC","2022-02-19 19:04:52","UTC",-80.79027,28.62344,"0101000020E6100000A3409FC8933254C0AB048BC3999F3C40",2022,2,19,50,19.0811111111111,"Titusville","","Fusco, K., et al. 2021.","HCTSA-A69-9007-6140-23649","Kirk Fusco (kirk.fusco@floridadep.gov)","Kirk Fusco (kirk.fusco@floridadep.gov)"
"HCTS","HCTS-A69-9007-6140-2022-02-17","Limulus polyphemus","horseshoe crab","2023-10-18","HCTSA","HCTSA","487549-NE","487549",1.2,0.3,"A69-9007-6140","A69-9007","A69-9007-6140",161,NA,NA,"ADC","2022-02-19 19:09:29","UTC",-80.78791,28.62577,"0101000020E61000003F8C101E6D3254C063D1747632A03C40",2022,2,19,50,19.1580555555556,"Titusville","","Fusco, K., et al. 2021.","HCTSA-A69-9007-6140-23651","Kirk Fusco (kirk.fusco@floridadep.gov)","Kirk Fusco (kirk.fusco@floridadep.gov)"
"HCTS","HCTS-A69-9007-6140-2022-02-17","Limulus polyphemus","horseshoe crab","2023-10-18","HCTSA","HCTSA","487551-W","487551",1.2,0.3,"A69-9007-6140","A69-9007","A69-9007-6140",161,NA,NA,"ADC","2022-02-19 19:09:30","UTC",-80.79027,28.62344,"0101000020E6100000A3409FC8933254C0AB048BC3999F3C40",2022,2,19,50,19.1583333333333,"Titusville","","Fusco, K., et al. 2021.","HCTSA-A69-9007-6140-23652","Kirk Fusco (kirk.fusco@floridadep.gov)","Kirk Fusco (kirk.fusco@floridadep.gov)"
"HCTS","HCTS-A69-9007-6140-2022-02-17","Limulus polyphemus","horseshoe crab","2023-10-18","HCTSA","HCTSA","487549-NE","487549",1.2,0.3,"A69-9007-6140","A69-9007","A69-9007-6140",161,NA,NA,"ADC","2022-02-19 19:17:37","UTC",-80.78791,28.62577,"0101000020E61000003F8C101E6D3254C063D1747632A03C40",2022,2,19,50,19.2936111111111,"Titusville","","Fusco, K., et al. 2021.","HCTSA-A69-9007-6140-23663","Kirk Fusco (kirk.fusco@floridadep.gov)","Kirk Fusco (kirk.fusco@floridadep.gov)"
"HCTS","HCTS-A69-9007-6140-2022-02-17","Limulus polyphemus","horseshoe crab","2023-10-18","HCTSA","HCTSA","487549-NE","487549",1.2,0.3,"A69-9007-6140","A69-9007","A69-9007-6140",161,NA,NA,"ADC","2022-02-19 19:21:58","UTC",-80.78791,28.62577,"0101000020E61000003F8C101E6D3254C063D1747632A03C40",2022,2,19,50,19.3661111111111,"Titusville","","Fusco, K., et al. 2021.","HCTSA-A69-9007-6140-23671","Kirk Fusco (kirk.fusco@floridadep.gov)","Kirk Fusco (kirk.fusco@floridadep.gov)"
"HCTS","HCTS-A69-9007-6140-2022-02-17","Limulus polyphemus","horseshoe crab","2023-10-18","HCTSA","HCTSA","487551-W","487551",1.2,0.3,"A69-9007-6140","A69-9007","A69-9007-6140",161,NA,NA,"ADC","2022-02-19 19:22:00","UTC",-80.79027,28.62344,"0101000020E6100000A3409FC8933254C0AB048BC3999F3C40",2022,2,19,50,19.3666666666667,"Titusville","","Fusco, K., et al. 2021.","HCTSA-A69-9007-6140-23672","Kirk Fusco (kirk.fusco@floridadep.gov)","Kirk Fusco (kirk.fusco@floridadep.gov)"
"HCTS","HCTS-A69-9007-6140-2022-02-17","Limulus polyphemus","horseshoe crab","2023-10-18","HCTSA","HCTSA","487549-NE","487549",1.2,0.3,"A69-9007-6140","A69-9007","A69-9007-6140",161,NA,NA,"ADC","2022-02-19 19:25:46","UTC",-80.78791,28.62577,"0101000020E61000003F8C101E6D3254C063D1747632A03C40",2022,2,19,50,19.4294444444444,"Titusville","","Fusco, K., et al. 2021.","HCTSA-A69-9007-6140-23676","Kirk Fusco (kirk.fusco@floridadep.gov)","Kirk Fusco (kirk.fusco@floridadep.gov)"
"HCTS","HCTS-A69-9007-6140-2022-02-17","Limulus polyphemus","horseshoe crab","2023-10-18","HCTSA","HCTSA","487551-W","487551",1.2,0.3,"A69-9007-6140","A69-9007","A69-9007-6140",161,NA,NA,"ADC","2022-02-19 19:25:47","UTC",-80.79027,28.62344,"0101000020E6100000A3409FC8933254C0AB048BC3999F3C40",2022,2,19,50,19.4297222222222,"Titusville","","Fusco, K., et al. 2021.","HCTSA-A69-9007-6140-23677","Kirk Fusco (kirk.fusco@floridadep.gov)","Kirk Fusco (kirk.fusco@floridadep.gov)"
"HCTS","HCTS-A69-9007-6140-2022-02-17","Limulus polyphemus","horseshoe crab","2023-10-18","HCTSA","HCTSA","487549-NE","487549",1.2,0.3,"A69-9007-6140","A69-9007","A69-9007-6140",161,NA,NA,"ADC","2022-02-19 19:30:06","UTC",-80.78791,28.62577,"0101000020E61000003F8C101E6D3254C063D1747632A03C40",2022,2,19,50,19.5016666666667,"Titusville","","Fusco, K., et al. 2021.","HCTSA-A69-9007-6140-23682","Kirk Fusco (kirk.fusco@floridadep.gov)","Kirk Fusco (kirk.fusco@floridadep.gov)"
"HCTS","HCTS-A69-9007-6140-2022-02-17","Limulus polyphemus","horseshoe crab","2023-10-18","HCTSA","HCTSA","487549-NE","487549",1.2,0.3,"A69-9007-6140","A69-9007","A69-9007-6140",161,NA,NA,"ADC","2022-02-19 19:33:54","UTC",-80.78791,28.62577,"0101000020E61000003F8C101E6D3254C063D1747632A03C40",2022,2,19,50,19.565,"Titusville","","Fusco, K., et al. 2021.","HCTSA-A69-9007-6140-23690","Kirk Fusco (kirk.fusco@floridadep.gov)","Kirk Fusco (kirk.fusco@floridadep.gov)"
"HCTS","HCTS-A69-9007-6140-2022-02-17","Limulus polyphemus","horseshoe crab","2023-10-18","HCTSA","HCTSA","487551-W","487551",1.2,0.3,"A69-9007-6140","A69-9007","A69-9007-6140",161,NA,NA,"ADC","2022-02-19 19:33:55","UTC",-80.79027,28.62344,"0101000020E6100000A3409FC8933254C0AB048BC3999F3C40",2022,2,19,50,19.5652777777778,"Titusville","","Fusco, K., et al. 2021.","HCTSA-A69-9007-6140-23691","Kirk Fusco (kirk.fusco@floridadep.gov)","Kirk Fusco (kirk.fusco@floridadep.gov)"
"HCTS","HCTS-A69-9007-6140-2022-02-17","Limulus polyphemus","horseshoe crab","2023-10-18","HCTSA","HCTSA","487549-NE","487549",1.2,0.3,"A69-9007-6140","A69-9007","A69-9007-6140",161,NA,NA,"ADC","2022-02-19 19:41:57","UTC",-80.78791,28.62577,"0101000020E61000003F8C101E6D3254C063D1747632A03C40",2022,2,19,50,19.6991666666667,"Titusville","","Fusco, K., et al. 2021.","HCTSA-A69-9007-6140-23701","Kirk Fusco (kirk.fusco@floridadep.gov)","Kirk Fusco (kirk.fusco@floridadep.gov)"
"HCTS","HCTS-A69-9007-6140-2022-02-17","Limulus polyphemus","horseshoe crab","2023-10-18","HCTSA","HCTSA","487551-W","487551",1.2,0.3,"A69-9007-6140","A69-9007","A69-9007-6140",161,NA,NA,"ADC","2022-02-19 19:41:58","UTC",-80.79027,28.62344,"0101000020E6100000A3409FC8933254C0AB048BC3999F3C40",2022,2,19,50,19.6994444444444,"Titusville","","Fusco, K., et al. 2021.","HCTSA-A69-9007-6140-23702","Kirk Fusco (kirk.fusco@floridadep.gov)","Kirk Fusco (kirk.fusco@floridadep.gov)"
"HCTS","HCTS-A69-9007-6140-2022-02-17","Limulus polyphemus","horseshoe crab","2023-10-18","HCTSA","HCTSA","487549-NE","487549",1.2,0.3,"A69-9007-6140","A69-9007","A69-9007-6140",160,NA,NA,"ADC","2022-02-19 19:46:12","UTC",-80.78791,28.62577,"0101000020E61000003F8C101E6D3254C063D1747632A03C40",2022,2,19,50,19.77,"Titusville","","Fusco, K., et al. 2021.","HCTSA-A69-9007-6140-23706","Kirk Fusco (kirk.fusco@floridadep.gov)","Kirk Fusco (kirk.fusco@floridadep.gov)"
"HCTS","HCTS-A69-9007-6140-2022-02-17","Limulus polyphemus","horseshoe crab","2023-10-18","HCTSA","HCTSA","487551-W","487551",1.2,0.3,"A69-9007-6140","A69-9007","A69-9007-6140",160,NA,NA,"ADC","2022-02-19 19:46:13","UTC",-80.79027,28.62344,"0101000020E6100000A3409FC8933254C0AB048BC3999F3C40",2022,2,19,50,19.7702777777778,"Titusville","","Fusco, K., et al. 2021.","HCTSA-A69-9007-6140-23707","Kirk Fusco (kirk.fusco@floridadep.gov)","Kirk Fusco (kirk.fusco@floridadep.gov)"
"HCTS","HCTS-A69-9007-6140-2022-02-17","Limulus polyphemus","horseshoe crab","2023-10-18","HCTSA","HCTSA","487549-NE","487549",1.2,0.3,"A69-9007-6140","A69-9007","A69-9007-6140",160,NA,NA,"ADC","2022-02-19 19:49:45","UTC",-80.78791,28.62577,"0101000020E61000003F8C101E6D3254C063D1747632A03C40",2022,2,19,50,19.8291666666667,"Titusville","","Fusco, K., et al. 2021.","HCTSA-A69-9007-6140-23711","Kirk Fusco (kirk.fusco@floridadep.gov)","Kirk Fusco (kirk.fusco@floridadep.gov)"
"HCTS","HCTS-A69-9007-6140-2022-02-17","Limulus polyphemus","horseshoe crab","2023-10-18","HCTSA","HCTSA","487551-W","487551",1.2,0.3,"A69-9007-6140","A69-9007","A69-9007-6140",160,NA,NA,"ADC","2022-02-19 19:49:46","UTC",-80.79027,28.62344,"0101000020E6100000A3409FC8933254C0AB048BC3999F3C40",2022,2,19,50,19.8294444444444,"Titusville","","Fusco, K., et al. 2021.","HCTSA-A69-9007-6140-23712","Kirk Fusco (kirk.fusco@floridadep.gov)","Kirk Fusco (kirk.fusco@floridadep.gov)"
"HCTS","HCTS-A69-9007-6140-2022-02-17","Limulus polyphemus","horseshoe crab","2023-10-18","HCTSA","HCTSA","487551-W","487551",1.2,0.3,"A69-9007-6140","A69-9007","A69-9007-6140",161,NA,NA,"ADC","2022-02-19 19:53:39","UTC",-80.79027,28.62344,"0101000020E6100000A3409FC8933254C0AB048BC3999F3C40",2022,2,19,50,19.8941666666667,"Titusville","","Fusco, K., et al. 2021.","HCTSA-A69-9007-6140-23718","Kirk Fusco (kirk.fusco@floridadep.gov)","Kirk Fusco (kirk.fusco@floridadep.gov)"
"HCTS","HCTS-A69-9007-6140-2022-02-17","Limulus polyphemus","horseshoe crab","2023-10-18","HCTSA","HCTSA","487551-W","487551",1.2,0.3,"A69-9007-6140","A69-9007","A69-9007-6140",160,NA,NA,"ADC","2022-02-19 19:58:09","UTC",-80.79027,28.62344,"0101000020E6100000A3409FC8933254C0AB048BC3999F3C40",2022,2,19,50,19.9691666666667,"Titusville","","Fusco, K., et al. 2021.","HCTSA-A69-9007-6140-23721","Kirk Fusco (kirk.fusco@floridadep.gov)","Kirk Fusco (kirk.fusco@floridadep.gov)"
"HCTS","HCTS-A69-9007-6140-2022-02-17","Limulus polyphemus","horseshoe crab","2023-10-18","HCTSA","HCTSA","487551-W","487551",1.2,0.3,"A69-9007-6140","A69-9007","A69-9007-6140",160,NA,NA,"ADC","2022-02-19 20:02:15","UTC",-80.79027,28.62344,"0101000020E6100000A3409FC8933254C0AB048BC3999F3C40",2022,2,19,50,20.0375,"Titusville","","Fusco, K., et al. 2021.","HCTSA-A69-9007-6140-23726","Kirk Fusco (kirk.fusco@floridadep.gov)","Kirk Fusco (kirk.fusco@floridadep.gov)"
"HCTS","HCTS-A69-9007-6140-2022-02-17","Limulus polyphemus","horseshoe crab","2023-10-18","HCTSA","HCTSA","487551-W","487551",1.2,0.3,"A69-9007-6140","A69-9007","A69-9007-6140",160,NA,NA,"ADC","2022-02-19 20:05:32","UTC",-80.79027,28.62344,"0101000020E6100000A3409FC8933254C0AB048BC3999F3C40",2022,2,19,50,20.0922222222222,"Titusville","","Fusco, K., et al. 2021.","HCTSA-A69-9007-6140-23731","Kirk Fusco (kirk.fusco@floridadep.gov)","Kirk Fusco (kirk.fusco@floridadep.gov)"
"HCTS","HCTS-A69-9007-6140-2022-02-17","Limulus polyphemus","horseshoe crab","2023-10-18","HCTSA","HCTSA","487551-W","487551",1.2,0.3,"A69-9007-6140","A69-9007","A69-9007-6140",161,NA,NA,"ADC","2022-02-19 20:15:44","UTC",-80.79027,28.62344,"0101000020E6100000A3409FC8933254C0AB048BC3999F3C40",2022,2,19,50,20.2622222222222,"Titusville","","Fusco, K., et al. 2021.","HCTSA-A69-9007-6140-23737","Kirk Fusco (kirk.fusco@floridadep.gov)","Kirk Fusco (kirk.fusco@floridadep.gov)"
"HCTS","HCTS-A69-9007-6140-2022-02-17","Limulus polyphemus","horseshoe crab","2023-10-18","HCTSA","HCTSA","487549-NE","487549",1.2,0.3,"A69-9007-6140","A69-9007","A69-9007-6140",160,NA,NA,"ADC","2022-02-19 20:23:51","UTC",-80.78791,28.62577,"0101000020E61000003F8C101E6D3254C063D1747632A03C40",2022,2,19,50,20.3975,"Titusville","","Fusco, K., et al. 2021.","HCTSA-A69-9007-6140-23742","Kirk Fusco (kirk.fusco@floridadep.gov)","Kirk Fusco (kirk.fusco@floridadep.gov)"
"HCTS","HCTS-A69-9007-6140-2022-02-17","Limulus polyphemus","horseshoe crab","2023-10-18","HCTSA","HCTSA","487551-W","487551",1.2,0.3,"A69-9007-6140","A69-9007","A69-9007-6140",160,NA,NA,"ADC","2022-02-19 20:23:52","UTC",-80.79027,28.62344,"0101000020E6100000A3409FC8933254C0AB048BC3999F3C40",2022,2,19,50,20.3977777777778,"Titusville","","Fusco, K., et al. 2021.","HCTSA-A69-9007-6140-23743","Kirk Fusco (kirk.fusco@floridadep.gov)","Kirk Fusco (kirk.fusco@floridadep.gov)"
"HCTS","HCTS-A69-9007-6140-2022-02-17","Limulus polyphemus","horseshoe crab","2023-10-18","HCTSA","HCTSA","487551-W","487551",1.2,0.3,"A69-9007-6140","A69-9007","A69-9007-6140",161,NA,NA,"ADC","2022-02-19 20:27:37","UTC",-80.79027,28.62344,"0101000020E6100000A3409FC8933254C0AB048BC3999F3C40",2022,2,19,50,20.4602777777778,"Titusville","","Fusco, K., et al. 2021.","HCTSA-A69-9007-6140-23746","Kirk Fusco (kirk.fusco@floridadep.gov)","Kirk Fusco (kirk.fusco@floridadep.gov)"
"HCTS","HCTS-A69-9007-6140-2022-02-17","Limulus polyphemus","horseshoe crab","2023-10-18","HCTSA","HCTSA","487551-W","487551",1.2,0.3,"A69-9007-6140","A69-9007","A69-9007-6140",160,NA,NA,"ADC","2022-02-19 20:35:33","UTC",-80.79027,28.62344,"0101000020E6100000A3409FC8933254C0AB048BC3999F3C40",2022,2,19,50,20.5925,"Titusville","","Fusco, K., et al. 2021.","HCTSA-A69-9007-6140-23752","Kirk Fusco (kirk.fusco@floridadep.gov)","Kirk Fusco (kirk.fusco@floridadep.gov)"
"HCTS","HCTS-A69-9007-6140-2022-02-17","Limulus polyphemus","horseshoe crab","2023-10-18","HCTSA","HCTSA","487551-W","487551",1.2,0.3,"A69-9007-6140","A69-9007","A69-9007-6140",160,NA,NA,"ADC","2022-02-19 23:21:41","UTC",-80.79027,28.62344,"0101000020E6100000A3409FC8933254C0AB048BC3999F3C40",2022,2,19,50,23.3613888888889,"Titusville","","Fusco, K., et al. 2021.","HCTSA-A69-9007-6140-23846","Kirk Fusco (kirk.fusco@floridadep.gov)","Kirk Fusco (kirk.fusco@floridadep.gov)"
"HCTS","HCTS-A69-9007-6140-2022-02-17","Limulus polyphemus","horseshoe crab","2023-10-18","HCTSA","HCTSA","487551-W","487551",1.2,0.3,"A69-9007-6140","A69-9007","A69-9007-6140",156,NA,NA,"ADC","2022-02-20 02:28:34","UTC",-80.79027,28.62344,"0101000020E6100000A3409FC8933254C0AB048BC3999F3C40",2022,2,20,51,2.47611111111111,"Titusville","","Fusco, K., et al. 2021.","HCTSA-A69-9007-6140-23985","Kirk Fusco (kirk.fusco@floridadep.gov)","Kirk Fusco (kirk.fusco@floridadep.gov)"
"HCTS","HCTS-A69-9007-6140-2022-02-17","Limulus polyphemus","horseshoe crab","2023-10-18","HCTSA","HCTSA","487551-W","487551",1.2,0.3,"A69-9007-6140","A69-9007","A69-9007-6140",153,NA,NA,"ADC","2022-02-20 05:29:33","UTC",-80.79027,28.62344,"0101000020E6100000A3409FC8933254C0AB048BC3999F3C40",2022,2,20,51,5.4925,"Titusville","","Fusco, K., et al. 2021.","HCTSA-A69-9007-6140-24175","Kirk Fusco (kirk.fusco@floridadep.gov)","Kirk Fusco (kirk.fusco@floridadep.gov)"
"HCTS","HCTS-A69-9007-6140-2022-02-17","Limulus polyphemus","horseshoe crab","2023-10-18","HCTSA","HCTSA","487551-W","487551",1.2,0.3,"A69-9007-6140","A69-9007","A69-9007-6140",152,NA,NA,"ADC","2022-02-20 05:34:20","UTC",-80.79027,28.62344,"0101000020E6100000A3409FC8933254C0AB048BC3999F3C40",2022,2,20,51,5.57222222222222,"Titusville","","Fusco, K., et al. 2021.","HCTSA-A69-9007-6140-24183","Kirk Fusco (kirk.fusco@floridadep.gov)","Kirk Fusco (kirk.fusco@floridadep.gov)"
"HCTS","HCTS-A69-9007-6140-2022-02-17","Limulus polyphemus","horseshoe crab","2023-10-18","HCTSA","HCTSA","487551-W","487551",1.2,0.3,"A69-9007-6140","A69-9007","A69-9007-6140",152,NA,NA,"ADC","2022-02-20 05:38:59","UTC",-80.79027,28.62344,"0101000020E6100000A3409FC8933254C0AB048BC3999F3C40",2022,2,20,51,5.64972222222222,"Titusville","","Fusco, K., et al. 2021.","HCTSA-A69-9007-6140-24189","Kirk Fusco (kirk.fusco@floridadep.gov)","Kirk Fusco (kirk.fusco@floridadep.gov)"
"HCTS","HCTS-A69-9007-6140-2022-02-17","Limulus polyphemus","horseshoe crab","2023-10-18","HCTSA","HCTSA","487551-W","487551",1.2,0.3,"A69-9007-6140","A69-9007","A69-9007-6140",153,NA,NA,"ADC","2022-02-20 05:43:24","UTC",-80.79027,28.62344,"0101000020E6100000A3409FC8933254C0AB048BC3999F3C40",2022,2,20,51,5.72333333333333,"Titusville","","Fusco, K., et al. 2021.","HCTSA-A69-9007-6140-24196","Kirk Fusco (kirk.fusco@floridadep.gov)","Kirk Fusco (kirk.fusco@floridadep.gov)"
"HCTS","HCTS-A69-9007-6140-2022-02-17","Limulus polyphemus","horseshoe crab","2023-10-18","HCTSA","HCTSA","487551-W","487551",1.2,0.3,"A69-9007-6140","A69-9007","A69-9007-6140",153,NA,NA,"ADC","2022-02-20 05:51:53","UTC",-80.79027,28.62344,"0101000020E6100000A3409FC8933254C0AB048BC3999F3C40",2022,2,20,51,5.86472222222222,"Titusville","","Fusco, K., et al. 2021.","HCTSA-A69-9007-6140-24205","Kirk Fusco (kirk.fusco@floridadep.gov)","Kirk Fusco (kirk.fusco@floridadep.gov)"
"HCTS","HCTS-A69-9007-6140-2022-02-17","Limulus polyphemus","horseshoe crab","2023-10-18","HCTSA","HCTSA","487551-W","487551",1.2,0.3,"A69-9007-6140","A69-9007","A69-9007-6140",153,NA,NA,"ADC","2022-02-20 05:56:08","UTC",-80.79027,28.62344,"0101000020E6100000A3409FC8933254C0AB048BC3999F3C40",2022,2,20,51,5.93555555555556,"Titusville","","Fusco, K., et al. 2021.","HCTSA-A69-9007-6140-24210","Kirk Fusco (kirk.fusco@floridadep.gov)","Kirk Fusco (kirk.fusco@floridadep.gov)"
"HCTS","HCTS-A69-9007-6140-2022-02-17","Limulus polyphemus","horseshoe crab","2023-10-18","HCTSA","HCTSA","487551-W","487551",1.2,0.3,"A69-9007-6140","A69-9007","A69-9007-6140",153,NA,NA,"ADC","2022-02-20 05:59:43","UTC",-80.79027,28.62344,"0101000020E6100000A3409FC8933254C0AB048BC3999F3C40",2022,2,20,51,5.99527777777778,"Titusville","","Fusco, K., et al. 2021.","HCTSA-A69-9007-6140-24217","Kirk Fusco (kirk.fusco@floridadep.gov)","Kirk Fusco (kirk.fusco@floridadep.gov)"
"HCTS","HCTS-A69-9007-6140-2022-02-17","Limulus polyphemus","horseshoe crab","2023-10-18","HCTSA","HCTSA","487551-W","487551",1.2,0.3,"A69-9007-6140","A69-9007","A69-9007-6140",154,NA,NA,"ADC","2022-02-20 06:03:39","UTC",-80.79027,28.62344,"0101000020E6100000A3409FC8933254C0AB048BC3999F3C40",2022,2,20,51,6.06083333333333,"Titusville","","Fusco, K., et al. 2021.","HCTSA-A69-9007-6140-24220","Kirk Fusco (kirk.fusco@floridadep.gov)","Kirk Fusco (kirk.fusco@floridadep.gov)"
"HCTS","HCTS-A69-9007-6140-2022-02-17","Limulus polyphemus","horseshoe crab","2023-10-18","HCTSA","HCTSA","487551-W","487551",1.2,0.3,"A69-9007-6140","A69-9007","A69-9007-6140",153,NA,NA,"ADC","2022-02-20 06:08:15","UTC",-80.79027,28.62344,"0101000020E6100000A3409FC8933254C0AB048BC3999F3C40",2022,2,20,51,6.1375,"Titusville","","Fusco, K., et al. 2021.","HCTSA-A69-9007-6140-24228","Kirk Fusco (kirk.fusco@floridadep.gov)","Kirk Fusco (kirk.fusco@floridadep.gov)"
"HCTS","HCTS-A69-9007-6140-2022-02-17","Limulus polyphemus","horseshoe crab","2023-10-18","HCTSA","HCTSA","487551-W","487551",1.2,0.3,"A69-9007-6140","A69-9007","A69-9007-6140",152,NA,NA,"ADC","2022-02-20 06:33:50","UTC",-80.79027,28.62344,"0101000020E6100000A3409FC8933254C0AB048BC3999F3C40",2022,2,20,51,6.56388888888889,"Titusville","","Fusco, K., et al. 2021.","HCTSA-A69-9007-6140-24253","Kirk Fusco (kirk.fusco@floridadep.gov)","Kirk Fusco (kirk.fusco@floridadep.gov)"
"HCTS","HCTS-A69-9007-6140-2022-02-17","Limulus polyphemus","horseshoe crab","2023-10-18","HCTSA","HCTSA","487551-W","487551",1.2,0.3,"A69-9007-6140","A69-9007","A69-9007-6140",143,NA,NA,"ADC","2022-02-20 07:31:57","UTC",-80.79027,28.62344,"0101000020E6100000A3409FC8933254C0AB048BC3999F3C40",2022,2,20,51,7.5325,"Titusville","","Fusco, K., et al. 2021.","HCTSA-A69-9007-6140-24320","Kirk Fusco (kirk.fusco@floridadep.gov)","Kirk Fusco (kirk.fusco@floridadep.gov)"
"HCTS","HCTS-A69-9007-6140-2022-02-17","Limulus polyphemus","horseshoe crab","2023-10-18","HCTSA","HCTSA","487551-W","487551",1.2,0.3,"A69-9007-6140","A69-9007","A69-9007-6140",143,NA,NA,"ADC","2022-02-20 07:36:50","UTC",-80.79027,28.62344,"0101000020E6100000A3409FC8933254C0AB048BC3999F3C40",2022,2,20,51,7.61388888888889,"Titusville","","Fusco, K., et al. 2021.","HCTSA-A69-9007-6140-24326","Kirk Fusco (kirk.fusco@floridadep.gov)","Kirk Fusco (kirk.fusco@floridadep.gov)"
"HCTS","HCTS-A69-9007-6140-2022-02-17","Limulus polyphemus","horseshoe crab","2023-10-18","HCTSA","HCTSA","487551-W","487551",1.2,0.3,"A69-9007-6140","A69-9007","A69-9007-6140",145,NA,NA,"ADC","2022-02-20 07:41:42","UTC",-80.79027,28.62344,"0101000020E6100000A3409FC8933254C0AB048BC3999F3C40",2022,2,20,51,7.695,"Titusville","","Fusco, K., et al. 2021.","HCTSA-A69-9007-6140-24334","Kirk Fusco (kirk.fusco@floridadep.gov)","Kirk Fusco (kirk.fusco@floridadep.gov)"
"HCTS","HCTS-A69-9007-6140-2022-02-17","Limulus polyphemus","horseshoe crab","2023-10-18","HCTSA","HCTSA","487551-W","487551",1.2,0.3,"A69-9007-6140","A69-9007","A69-9007-6140",145,NA,NA,"ADC","2022-02-20 07:46:30","UTC",-80.79027,28.62344,"0101000020E6100000A3409FC8933254C0AB048BC3999F3C40",2022,2,20,51,7.775,"Titusville","","Fusco, K., et al. 2021.","HCTSA-A69-9007-6140-24338","Kirk Fusco (kirk.fusco@floridadep.gov)","Kirk Fusco (kirk.fusco@floridadep.gov)"
"HCTS","HCTS-A69-9007-6140-2022-02-17","Limulus polyphemus","horseshoe crab","2023-10-18","HCTSA","HCTSA","487551-W","487551",1.2,0.3,"A69-9007-6140","A69-9007","A69-9007-6140",143,NA,NA,"ADC","2022-02-20 08:55:55","UTC",-80.79027,28.62344,"0101000020E6100000A3409FC8933254C0AB048BC3999F3C40",2022,2,20,51,8.93194444444444,"Titusville","","Fusco, K., et al. 2021.","HCTSA-A69-9007-6140-24423","Kirk Fusco (kirk.fusco@floridadep.gov)","Kirk Fusco (kirk.fusco@floridadep.gov)"
"HCTS","HCTS-A69-9007-6140-2022-02-17","Limulus polyphemus","horseshoe crab","2023-10-18","HCTSA","HCTSA","487551-W","487551",1.2,0.3,"A69-9007-6140","A69-9007","A69-9007-6140",146,NA,NA,"ADC","2022-02-20 09:04:49","UTC",-80.79027,28.62344,"0101000020E6100000A3409FC8933254C0AB048BC3999F3C40",2022,2,20,51,9.08027777777778,"Titusville","","Fusco, K., et al. 2021.","HCTSA-A69-9007-6140-24434","Kirk Fusco (kirk.fusco@floridadep.gov)","Kirk Fusco (kirk.fusco@floridadep.gov)"
"HCTS","HCTS-A69-9007-6140-2022-02-17","Limulus polyphemus","horseshoe crab","2023-10-18","HCTSA","HCTSA","487551-W","487551",1.2,0.3,"A69-9007-6140","A69-9007","A69-9007-6140",146,NA,NA,"ADC","2022-02-20 09:14:16","UTC",-80.79027,28.62344,"0101000020E6100000A3409FC8933254C0AB048BC3999F3C40",2022,2,20,51,9.23777777777778,"Titusville","","Fusco, K., et al. 2021.","HCTSA-A69-9007-6140-24445","Kirk Fusco (kirk.fusco@floridadep.gov)","Kirk Fusco (kirk.fusco@floridadep.gov)"
"HCTS","HCTS-A69-9007-6140-2022-02-17","Limulus polyphemus","horseshoe crab","2023-10-18","HCTSA","HCTSA","487551-W","487551",1.2,0.3,"A69-9007-6140","A69-9007","A69-9007-6140",146,NA,NA,"ADC","2022-02-20 09:18:42","UTC",-80.79027,28.62344,"0101000020E6100000A3409FC8933254C0AB048BC3999F3C40",2022,2,20,51,9.31166666666667,"Titusville","","Fusco, K., et al. 2021.","HCTSA-A69-9007-6140-24449","Kirk Fusco (kirk.fusco@floridadep.gov)","Kirk Fusco (kirk.fusco@floridadep.gov)"
"HCTS","HCTS-A69-9007-6140-2022-02-17","Limulus polyphemus","horseshoe crab","2023-10-18","HCTSA","HCTSA","487551-W","487551",1.2,0.3,"A69-9007-6140","A69-9007","A69-9007-6140",145,NA,NA,"ADC","2022-02-20 09:22:38","UTC",-80.79027,28.62344,"0101000020E6100000A3409FC8933254C0AB048BC3999F3C40",2022,2,20,51,9.37722222222222,"Titusville","","Fusco, K., et al. 2021.","HCTSA-A69-9007-6140-24456","Kirk Fusco (kirk.fusco@floridadep.gov)","Kirk Fusco (kirk.fusco@floridadep.gov)"
"HCTS","HCTS-A69-9007-6140-2022-02-17","Limulus polyphemus","horseshoe crab","2023-10-18","HCTSA","HCTSA","487551-W","487551",1.2,0.3,"A69-9007-6140","A69-9007","A69-9007-6140",145,NA,NA,"ADC","2022-02-20 09:27:17","UTC",-80.79027,28.62344,"0101000020E6100000A3409FC8933254C0AB048BC3999F3C40",2022,2,20,51,9.45472222222222,"Titusville","","Fusco, K., et al. 2021.","HCTSA-A69-9007-6140-24462","Kirk Fusco (kirk.fusco@floridadep.gov)","Kirk Fusco (kirk.fusco@floridadep.gov)"
"HCTS","HCTS-A69-9007-6140-2022-02-17","Limulus polyphemus","horseshoe crab","2023-10-18","HCTSA","HCTSA","487551-W","487551",1.2,0.3,"A69-9007-6140","A69-9007","A69-9007-6140",145,NA,NA,"ADC","2022-02-20 09:35:30","UTC",-80.79027,28.62344,"0101000020E6100000A3409FC8933254C0AB048BC3999F3C40",2022,2,20,51,9.59166666666667,"Titusville","","Fusco, K., et al. 2021.","HCTSA-A69-9007-6140-24473","Kirk Fusco (kirk.fusco@floridadep.gov)","Kirk Fusco (kirk.fusco@floridadep.gov)"
"HCTS","HCTS-A69-9007-6140-2022-02-17","Limulus polyphemus","horseshoe crab","2023-10-18","HCTSA","HCTSA","487551-W","487551",1.2,0.3,"A69-9007-6140","A69-9007","A69-9007-6140",145,NA,NA,"ADC","2022-02-20 09:39:56","UTC",-80.79027,28.62344,"0101000020E6100000A3409FC8933254C0AB048BC3999F3C40",2022,2,20,51,9.66555555555556,"Titusville","","Fusco, K., et al. 2021.","HCTSA-A69-9007-6140-24478","Kirk Fusco (kirk.fusco@floridadep.gov)","Kirk Fusco (kirk.fusco@floridadep.gov)"
"HCTS","HCTS-A69-9007-6140-2022-02-17","Limulus polyphemus","horseshoe crab","2023-10-18","HCTSA","HCTSA","487551-W","487551",1.2,0.3,"A69-9007-6140","A69-9007","A69-9007-6140",143,NA,NA,"ADC","2022-02-20 09:48:36","UTC",-80.79027,28.62344,"0101000020E6100000A3409FC8933254C0AB048BC3999F3C40",2022,2,20,51,9.81,"Titusville","","Fusco, K., et al. 2021.","HCTSA-A69-9007-6140-24488","Kirk Fusco (kirk.fusco@floridadep.gov)","Kirk Fusco (kirk.fusco@floridadep.gov)"
"HCTS","HCTS-A69-9007-6140-2022-02-17","Limulus polyphemus","horseshoe crab","2023-10-18","HCTSA","HCTSA","487551-W","487551",1.2,0.3,"A69-9007-6140","A69-9007","A69-9007-6140",143,NA,NA,"ADC","2022-02-20 09:57:08","UTC",-80.79027,28.62344,"0101000020E6100000A3409FC8933254C0AB048BC3999F3C40",2022,2,20,51,9.95222222222222,"Titusville","","Fusco, K., et al. 2021.","HCTSA-A69-9007-6140-24497","Kirk Fusco (kirk.fusco@floridadep.gov)","Kirk Fusco (kirk.fusco@floridadep.gov)"
"HCTS","HCTS-A69-9007-6140-2022-02-17","Limulus polyphemus","horseshoe crab","2023-10-18","HCTSA","HCTSA","487551-W","487551",1.2,0.3,"A69-9007-6140","A69-9007","A69-9007-6140",143,NA,NA,"ADC","2022-02-20 10:02:00","UTC",-80.79027,28.62344,"0101000020E6100000A3409FC8933254C0AB048BC3999F3C40",2022,2,20,51,10.0333333333333,"Titusville","","Fusco, K., et al. 2021.","HCTSA-A69-9007-6140-24505","Kirk Fusco (kirk.fusco@floridadep.gov)","Kirk Fusco (kirk.fusco@floridadep.gov)"
"HCTS","HCTS-A69-9007-6140-2022-02-17","Limulus polyphemus","horseshoe crab","2023-10-18","HCTSA","HCTSA","487551-W","487551",1.2,0.3,"A69-9007-6140","A69-9007","A69-9007-6140",143,NA,NA,"ADC","2022-02-20 10:06:50","UTC",-80.79027,28.62344,"0101000020E6100000A3409FC8933254C0AB048BC3999F3C40",2022,2,20,51,10.1138888888889,"Titusville","","Fusco, K., et al. 2021.","HCTSA-A69-9007-6140-24510","Kirk Fusco (kirk.fusco@floridadep.gov)","Kirk Fusco (kirk.fusco@floridadep.gov)"
"HCTS","HCTS-A69-9007-6140-2022-02-17","Limulus polyphemus","horseshoe crab","2023-10-18","HCTSA","HCTSA","487551-W","487551",1.2,0.3,"A69-9007-6140","A69-9007","A69-9007-6140",143,NA,NA,"ADC","2022-02-20 10:16:13","UTC",-80.79027,28.62344,"0101000020E6100000A3409FC8933254C0AB048BC3999F3C40",2022,2,20,51,10.2702777777778,"Titusville","","Fusco, K., et al. 2021.","HCTSA-A69-9007-6140-24522","Kirk Fusco (kirk.fusco@floridadep.gov)","Kirk Fusco (kirk.fusco@floridadep.gov)"
"HCTS","HCTS-A69-9007-6140-2022-02-17","Limulus polyphemus","horseshoe crab","2023-10-18","HCTSA","HCTSA","487551-W","487551",1.2,0.3,"A69-9007-6140","A69-9007","A69-9007-6140",143,NA,NA,"ADC","2022-02-20 10:24:17","UTC",-80.79027,28.62344,"0101000020E6100000A3409FC8933254C0AB048BC3999F3C40",2022,2,20,51,10.4047222222222,"Titusville","","Fusco, K., et al. 2021.","HCTSA-A69-9007-6140-24533","Kirk Fusco (kirk.fusco@floridadep.gov)","Kirk Fusco (kirk.fusco@floridadep.gov)"
"HCTS","HCTS-A69-9007-6140-2022-02-17","Limulus polyphemus","horseshoe crab","2023-10-18","HCTSA","HCTSA","487551-W","487551",1.2,0.3,"A69-9007-6140","A69-9007","A69-9007-6140",143,NA,NA,"ADC","2022-02-20 10:28:31","UTC",-80.79027,28.62344,"0101000020E6100000A3409FC8933254C0AB048BC3999F3C40",2022,2,20,51,10.4752777777778,"Titusville","","Fusco, K., et al. 2021.","HCTSA-A69-9007-6140-24538","Kirk Fusco (kirk.fusco@floridadep.gov)","Kirk Fusco (kirk.fusco@floridadep.gov)"
"HCTS","HCTS-A69-9007-6140-2022-02-17","Limulus polyphemus","horseshoe crab","2023-10-18","HCTSA","HCTSA","487551-W","487551",1.2,0.3,"A69-9007-6140","A69-9007","A69-9007-6140",143,NA,NA,"ADC","2022-02-20 10:32:07","UTC",-80.79027,28.62344,"0101000020E6100000A3409FC8933254C0AB048BC3999F3C40",2022,2,20,51,10.5352777777778,"Titusville","","Fusco, K., et al. 2021.","HCTSA-A69-9007-6140-24546","Kirk Fusco (kirk.fusco@floridadep.gov)","Kirk Fusco (kirk.fusco@floridadep.gov)"
"HCTS","HCTS-A69-9007-6140-2022-02-17","Limulus polyphemus","horseshoe crab","2023-10-18","HCTSA","HCTSA","487551-W","487551",1.2,0.3,"A69-9007-6140","A69-9007","A69-9007-6140",143,NA,NA,"ADC","2022-02-20 10:36:03","UTC",-80.79027,28.62344,"0101000020E6100000A3409FC8933254C0AB048BC3999F3C40",2022,2,20,51,10.6008333333333,"Titusville","","Fusco, K., et al. 2021.","HCTSA-A69-9007-6140-24548","Kirk Fusco (kirk.fusco@floridadep.gov)","Kirk Fusco (kirk.fusco@floridadep.gov)"
"HCTS","HCTS-A69-9007-6140-2022-02-17","Limulus polyphemus","horseshoe crab","2023-10-18","HCTSA","HCTSA","487551-W","487551",1.2,0.3,"A69-9007-6140","A69-9007","A69-9007-6140",143,NA,NA,"ADC","2022-02-20 10:45:01","UTC",-80.79027,28.62344,"0101000020E6100000A3409FC8933254C0AB048BC3999F3C40",2022,2,20,51,10.7502777777778,"Titusville","","Fusco, K., et al. 2021.","HCTSA-A69-9007-6140-24560","Kirk Fusco (kirk.fusco@floridadep.gov)","Kirk Fusco (kirk.fusco@floridadep.gov)"
"HCTS","HCTS-A69-9007-6140-2022-02-17","Limulus polyphemus","horseshoe crab","2023-10-18","HCTSA","HCTSA","487551-W","487551",1.2,0.3,"A69-9007-6140","A69-9007","A69-9007-6140",143,NA,NA,"ADC","2022-02-20 10:48:48","UTC",-80.79027,28.62344,"0101000020E6100000A3409FC8933254C0AB048BC3999F3C40",2022,2,20,51,10.8133333333333,"Titusville","","Fusco, K., et al. 2021.","HCTSA-A69-9007-6140-24562","Kirk Fusco (kirk.fusco@floridadep.gov)","Kirk Fusco (kirk.fusco@floridadep.gov)"
"HCTS","HCTS-A69-9007-6140-2022-02-17","Limulus polyphemus","horseshoe crab","2023-10-18","HCTSA","HCTSA","487551-W","487551",1.2,0.3,"A69-9007-6140","A69-9007","A69-9007-6140",143,NA,NA,"ADC","2022-02-20 10:53:08","UTC",-80.79027,28.62344,"0101000020E6100000A3409FC8933254C0AB048BC3999F3C40",2022,2,20,51,10.8855555555556,"Titusville","","Fusco, K., et al. 2021.","HCTSA-A69-9007-6140-24573","Kirk Fusco (kirk.fusco@floridadep.gov)","Kirk Fusco (kirk.fusco@floridadep.gov)"
"HCTS","HCTS-A69-9007-6140-2022-02-17","Limulus polyphemus","horseshoe crab","2023-10-18","HCTSA","HCTSA","487551-W","487551",1.2,0.3,"A69-9007-6140","A69-9007","A69-9007-6140",143,NA,NA,"ADC","2022-02-20 11:01:10","UTC",-80.79027,28.62344,"0101000020E6100000A3409FC8933254C0AB048BC3999F3C40",2022,2,20,51,11.0194444444444,"Titusville","","Fusco, K., et al. 2021.","HCTSA-A69-9007-6140-24582","Kirk Fusco (kirk.fusco@floridadep.gov)","Kirk Fusco (kirk.fusco@floridadep.gov)"
"HCTS","HCTS-A69-9007-6140-2022-02-17","Limulus polyphemus","horseshoe crab","2023-10-18","HCTSA","HCTSA","487551-W","487551",1.2,0.3,"A69-9007-6140","A69-9007","A69-9007-6140",143,NA,NA,"ADC","2022-02-20 11:04:48","UTC",-80.79027,28.62344,"0101000020E6100000A3409FC8933254C0AB048BC3999F3C40",2022,2,20,51,11.08,"Titusville","","Fusco, K., et al. 2021.","HCTSA-A69-9007-6140-24587","Kirk Fusco (kirk.fusco@floridadep.gov)","Kirk Fusco (kirk.fusco@floridadep.gov)"
"HCTS","HCTS-A69-9007-6140-2022-02-17","Limulus polyphemus","horseshoe crab","2023-10-18","HCTSA","HCTSA","487551-W","487551",1.2,0.3,"A69-9007-6140","A69-9007","A69-9007-6140",143,NA,NA,"ADC","2022-02-20 11:08:50","UTC",-80.79027,28.62344,"0101000020E6100000A3409FC8933254C0AB048BC3999F3C40",2022,2,20,51,11.1472222222222,"Titusville","","Fusco, K., et al. 2021.","HCTSA-A69-9007-6140-24590","Kirk Fusco (kirk.fusco@floridadep.gov)","Kirk Fusco (kirk.fusco@floridadep.gov)"
"HCTS","HCTS-A69-9007-6140-2022-02-17","Limulus polyphemus","horseshoe crab","2023-10-18","HCTSA","HCTSA","487551-W","487551",1.2,0.3,"A69-9007-6140","A69-9007","A69-9007-6140",143,NA,NA,"ADC","2022-02-20 11:13:40","UTC",-80.79027,28.62344,"0101000020E6100000A3409FC8933254C0AB048BC3999F3C40",2022,2,20,51,11.2277777777778,"Titusville","","Fusco, K., et al. 2021.","HCTSA-A69-9007-6140-24597","Kirk Fusco (kirk.fusco@floridadep.gov)","Kirk Fusco (kirk.fusco@floridadep.gov)"
"HCTS","HCTS-A69-9007-6140-2022-02-17","Limulus polyphemus","horseshoe crab","2023-10-18","HCTSA","HCTSA","487551-W","487551",1.2,0.3,"A69-9007-6140","A69-9007","A69-9007-6140",144,NA,NA,"ADC","2022-02-20 11:18:26","UTC",-80.79027,28.62344,"0101000020E6100000A3409FC8933254C0AB048BC3999F3C40",2022,2,20,51,11.3072222222222,"Titusville","","Fusco, K., et al. 2021.","HCTSA-A69-9007-6140-24599","Kirk Fusco (kirk.fusco@floridadep.gov)","Kirk Fusco (kirk.fusco@floridadep.gov)"
"HCTS","HCTS-A69-9007-6140-2022-02-17","Limulus polyphemus","horseshoe crab","2023-10-18","HCTSA","HCTSA","487551-W","487551",1.2,0.3,"A69-9007-6140","A69-9007","A69-9007-6140",143,NA,NA,"ADC","2022-02-20 11:23:02","UTC",-80.79027,28.62344,"0101000020E6100000A3409FC8933254C0AB048BC3999F3C40",2022,2,20,51,11.3838888888889,"Titusville","","Fusco, K., et al. 2021.","HCTSA-A69-9007-6140-24611","Kirk Fusco (kirk.fusco@floridadep.gov)","Kirk Fusco (kirk.fusco@floridadep.gov)"
"HCTS","HCTS-A69-9007-6140-2022-02-17","Limulus polyphemus","horseshoe crab","2023-10-18","HCTSA","HCTSA","487549-NE","487549",1.2,0.3,"A69-9007-6140","A69-9007","A69-9007-6140",144,NA,NA,"ADC","2022-02-20 11:27:20","UTC",-80.78791,28.62577,"0101000020E61000003F8C101E6D3254C063D1747632A03C40",2022,2,20,51,11.4555555555556,"Titusville","","Fusco, K., et al. 2021.","HCTSA-A69-9007-6140-24613","Kirk Fusco (kirk.fusco@floridadep.gov)","Kirk Fusco (kirk.fusco@floridadep.gov)"
"HCTS","HCTS-A69-9007-6140-2022-02-17","Limulus polyphemus","horseshoe crab","2023-10-18","HCTSA","HCTSA","487551-W","487551",1.2,0.3,"A69-9007-6140","A69-9007","A69-9007-6140",144,NA,NA,"ADC","2022-02-20 11:27:21","UTC",-80.79027,28.62344,"0101000020E6100000A3409FC8933254C0AB048BC3999F3C40",2022,2,20,51,11.4558333333333,"Titusville","","Fusco, K., et al. 2021.","HCTSA-A69-9007-6140-24614","Kirk Fusco (kirk.fusco@floridadep.gov)","Kirk Fusco (kirk.fusco@floridadep.gov)"
"HCTS","HCTS-A69-9007-6140-2022-02-17","Limulus polyphemus","horseshoe crab","2023-10-18","HCTSA","HCTSA","487550-SE","487550",1.2,0.3,"A69-9007-6140","A69-9007","A69-9007-6140",144,NA,NA,"ADC","2022-02-20 11:27:23","UTC",-80.78626,28.6223,"0101000020E6100000CA897615523254C0014D840D4F9F3C40",2022,2,20,51,11.4563888888889,"Titusville","","Fusco, K., et al. 2021.","HCTSA-A69-9007-6140-24615","Kirk Fusco (kirk.fusco@floridadep.gov)","Kirk Fusco (kirk.fusco@floridadep.gov)"
"HCTS","HCTS-A69-9007-6140-2022-02-17","Limulus polyphemus","horseshoe crab","2023-10-18","HCTSA","HCTSA","487551-W","487551",1.2,0.3,"A69-9007-6140","A69-9007","A69-9007-6140",143,NA,NA,"ADC","2022-02-20 11:31:04","UTC",-80.79027,28.62344,"0101000020E6100000A3409FC8933254C0AB048BC3999F3C40",2022,2,20,51,11.5177777777778,"Titusville","","Fusco, K., et al. 2021.","HCTSA-A69-9007-6140-24625","Kirk Fusco (kirk.fusco@floridadep.gov)","Kirk Fusco (kirk.fusco@floridadep.gov)"
"HCTS","HCTS-A69-9007-6140-2022-02-17","Limulus polyphemus","horseshoe crab","2023-10-18","HCTSA","HCTSA","487551-W","487551",1.2,0.3,"A69-9007-6140","A69-9007","A69-9007-6140",143,NA,NA,"ADC","2022-02-20 11:35:16","UTC",-80.79027,28.62344,"0101000020E6100000A3409FC8933254C0AB048BC3999F3C40",2022,2,20,51,11.5877777777778,"Titusville","","Fusco, K., et al. 2021.","HCTSA-A69-9007-6140-24628","Kirk Fusco (kirk.fusco@floridadep.gov)","Kirk Fusco (kirk.fusco@floridadep.gov)"
"HCTS","HCTS-A69-9007-6140-2022-02-17","Limulus polyphemus","horseshoe crab","2023-10-18","HCTSA","HCTSA","487551-W","487551",1.2,0.3,"A69-9007-6140","A69-9007","A69-9007-6140",144,NA,NA,"ADC","2022-02-20 11:38:45","UTC",-80.79027,28.62344,"0101000020E6100000A3409FC8933254C0AB048BC3999F3C40",2022,2,20,51,11.6458333333333,"Titusville","","Fusco, K., et al. 2021.","HCTSA-A69-9007-6140-24629","Kirk Fusco (kirk.fusco@floridadep.gov)","Kirk Fusco (kirk.fusco@floridadep.gov)"
"HCTS","HCTS-A69-9007-6140-2022-02-17","Limulus polyphemus","horseshoe crab","2023-10-18","HCTSA","HCTSA","487551-W","487551",1.2,0.3,"A69-9007-6140","A69-9007","A69-9007-6140",143,NA,NA,"ADC","2022-02-20 11:42:28","UTC",-80.79027,28.62344,"0101000020E6100000A3409FC8933254C0AB048BC3999F3C40",2022,2,20,51,11.7077777777778,"Titusville","","Fusco, K., et al. 2021.","HCTSA-A69-9007-6140-24636","Kirk Fusco (kirk.fusco@floridadep.gov)","Kirk Fusco (kirk.fusco@floridadep.gov)"
"HCTS","HCTS-A69-9007-6140-2022-02-17","Limulus polyphemus","horseshoe crab","2023-10-18","HCTSA","HCTSA","487551-W","487551",1.2,0.3,"A69-9007-6140","A69-9007","A69-9007-6140",143,NA,NA,"ADC","2022-02-20 11:46:40","UTC",-80.79027,28.62344,"0101000020E6100000A3409FC8933254C0AB048BC3999F3C40",2022,2,20,51,11.7777777777778,"Titusville","","Fusco, K., et al. 2021.","HCTSA-A69-9007-6140-24638","Kirk Fusco (kirk.fusco@floridadep.gov)","Kirk Fusco (kirk.fusco@floridadep.gov)"
"HCTS","HCTS-A69-9007-6140-2022-02-17","Limulus polyphemus","horseshoe crab","2023-10-18","HCTSA","HCTSA","487550-SE","487550",1.2,0.3,"A69-9007-6140","A69-9007","A69-9007-6140",143,NA,NA,"ADC","2022-02-20 11:46:41","UTC",-80.78626,28.6223,"0101000020E6100000CA897615523254C0014D840D4F9F3C40",2022,2,20,51,11.7780555555556,"Titusville","","Fusco, K., et al. 2021.","HCTSA-A69-9007-6140-24639","Kirk Fusco (kirk.fusco@floridadep.gov)","Kirk Fusco (kirk.fusco@floridadep.gov)"
"HCTS","HCTS-A69-9007-6140-2022-02-17","Limulus polyphemus","horseshoe crab","2023-10-18","HCTSA","HCTSA","487549-NE","487549",1.2,0.3,"A69-9007-6140","A69-9007","A69-9007-6140",143,NA,NA,"ADC","2022-02-20 11:53:54","UTC",-80.78791,28.62577,"0101000020E61000003F8C101E6D3254C063D1747632A03C40",2022,2,20,51,11.8983333333333,"Titusville","","Fusco, K., et al. 2021.","HCTSA-A69-9007-6140-24649","Kirk Fusco (kirk.fusco@floridadep.gov)","Kirk Fusco (kirk.fusco@floridadep.gov)"
"HCTS","HCTS-A69-9007-6140-2022-02-17","Limulus polyphemus","horseshoe crab","2023-10-18","HCTSA","HCTSA","487551-W","487551",1.2,0.3,"A69-9007-6140","A69-9007","A69-9007-6140",143,NA,NA,"ADC","2022-02-20 11:53:55","UTC",-80.79027,28.62344,"0101000020E6100000A3409FC8933254C0AB048BC3999F3C40",2022,2,20,51,11.8986111111111,"Titusville","","Fusco, K., et al. 2021.","HCTSA-A69-9007-6140-24650","Kirk Fusco (kirk.fusco@floridadep.gov)","Kirk Fusco (kirk.fusco@floridadep.gov)"
"HCTS","HCTS-A69-9007-6140-2022-02-17","Limulus polyphemus","horseshoe crab","2023-10-18","HCTSA","HCTSA","487550-SE","487550",1.2,0.3,"A69-9007-6140","A69-9007","A69-9007-6140",143,NA,NA,"ADC","2022-02-20 11:53:57","UTC",-80.78626,28.6223,"0101000020E6100000CA897615523254C0014D840D4F9F3C40",2022,2,20,51,11.8991666666667,"Titusville","","Fusco, K., et al. 2021.","HCTSA-A69-9007-6140-24651","Kirk Fusco (kirk.fusco@floridadep.gov)","Kirk Fusco (kirk.fusco@floridadep.gov)"
"HCTS","HCTS-A69-9007-6140-2022-02-17","Limulus polyphemus","horseshoe crab","2023-10-18","HCTSA","HCTSA","487551-W","487551",1.2,0.3,"A69-9007-6140","A69-9007","A69-9007-6140",143,NA,NA,"ADC","2022-02-20 11:58:10","UTC",-80.79027,28.62344,"0101000020E6100000A3409FC8933254C0AB048BC3999F3C40",2022,2,20,51,11.9694444444444,"Titusville","","Fusco, K., et al. 2021.","HCTSA-A69-9007-6140-24653","Kirk Fusco (kirk.fusco@floridadep.gov)","Kirk Fusco (kirk.fusco@floridadep.gov)"
"HCTS","HCTS-A69-9007-6140-2022-02-17","Limulus polyphemus","horseshoe crab","2023-10-18","HCTSA","HCTSA","487551-W","487551",1.2,0.3,"A69-9007-6140","A69-9007","A69-9007-6140",143,NA,NA,"ADC","2022-02-20 12:01:47","UTC",-80.79027,28.62344,"0101000020E6100000A3409FC8933254C0AB048BC3999F3C40",2022,2,20,51,12.0297222222222,"Titusville","","Fusco, K., et al. 2021.","HCTSA-A69-9007-6140-24661","Kirk Fusco (kirk.fusco@floridadep.gov)","Kirk Fusco (kirk.fusco@floridadep.gov)"
"HCTS","HCTS-A69-9007-6140-2022-02-17","Limulus polyphemus","horseshoe crab","2023-10-18","HCTSA","HCTSA","487551-W","487551",1.2,0.3,"A69-9007-6140","A69-9007","A69-9007-6140",143,NA,NA,"ADC","2022-02-20 12:05:45","UTC",-80.79027,28.62344,"0101000020E6100000A3409FC8933254C0AB048BC3999F3C40",2022,2,20,51,12.0958333333333,"Titusville","","Fusco, K., et al. 2021.","HCTSA-A69-9007-6140-24665","Kirk Fusco (kirk.fusco@floridadep.gov)","Kirk Fusco (kirk.fusco@floridadep.gov)"
"HCTS","HCTS-A69-9007-6140-2022-02-17","Limulus polyphemus","horseshoe crab","2023-10-18","HCTSA","HCTSA","487550-SE","487550",1.2,0.3,"A69-9007-6140","A69-9007","A69-9007-6140",143,NA,NA,"ADC","2022-02-20 12:05:47","UTC",-80.78626,28.6223,"0101000020E6100000CA897615523254C0014D840D4F9F3C40",2022,2,20,51,12.0963888888889,"Titusville","","Fusco, K., et al. 2021.","HCTSA-A69-9007-6140-24667","Kirk Fusco (kirk.fusco@floridadep.gov)","Kirk Fusco (kirk.fusco@floridadep.gov)"
"HCTS","HCTS-A69-9007-6140-2022-02-17","Limulus polyphemus","horseshoe crab","2023-10-18","HCTSA","HCTSA","487551-W","487551",1.2,0.3,"A69-9007-6140","A69-9007","A69-9007-6140",143,NA,NA,"ADC","2022-02-20 12:10:27","UTC",-80.79027,28.62344,"0101000020E6100000A3409FC8933254C0AB048BC3999F3C40",2022,2,20,51,12.1741666666667,"Titusville","","Fusco, K., et al. 2021.","HCTSA-A69-9007-6140-24669","Kirk Fusco (kirk.fusco@floridadep.gov)","Kirk Fusco (kirk.fusco@floridadep.gov)"
"HCTS","HCTS-A69-9007-6140-2022-02-17","Limulus polyphemus","horseshoe crab","2023-10-18","HCTSA","HCTSA","487551-W","487551",1.2,0.3,"A69-9007-6140","A69-9007","A69-9007-6140",143,NA,NA,"ADC","2022-02-20 12:14:57","UTC",-80.79027,28.62344,"0101000020E6100000A3409FC8933254C0AB048BC3999F3C40",2022,2,20,51,12.2491666666667,"Titusville","","Fusco, K., et al. 2021.","HCTSA-A69-9007-6140-24680","Kirk Fusco (kirk.fusco@floridadep.gov)","Kirk Fusco (kirk.fusco@floridadep.gov)"
"HCTS","HCTS-A69-9007-6140-2022-02-17","Limulus polyphemus","horseshoe crab","2023-10-18","HCTSA","HCTSA","487550-SE","487550",1.2,0.3,"A69-9007-6140","A69-9007","A69-9007-6140",143,NA,NA,"ADC","2022-02-20 12:14:59","UTC",-80.78626,28.6223,"0101000020E6100000CA897615523254C0014D840D4F9F3C40",2022,2,20,51,12.2497222222222,"Titusville","","Fusco, K., et al. 2021.","HCTSA-A69-9007-6140-24681","Kirk Fusco (kirk.fusco@floridadep.gov)","Kirk Fusco (kirk.fusco@floridadep.gov)"
"HCTS","HCTS-A69-9007-6140-2022-02-17","Limulus polyphemus","horseshoe crab","2023-10-18","HCTSA","HCTSA","487551-W","487551",1.2,0.3,"A69-9007-6140","A69-9007","A69-9007-6140",143,NA,NA,"ADC","2022-02-20 12:19:02","UTC",-80.79027,28.62344,"0101000020E6100000A3409FC8933254C0AB048BC3999F3C40",2022,2,20,51,12.3172222222222,"Titusville","","Fusco, K., et al. 2021.","HCTSA-A69-9007-6140-24683","Kirk Fusco (kirk.fusco@floridadep.gov)","Kirk Fusco (kirk.fusco@floridadep.gov)"
"HCTS","HCTS-A69-9007-6140-2022-02-17","Limulus polyphemus","horseshoe crab","2023-10-18","HCTSA","HCTSA","487550-SE","487550",1.2,0.3,"A69-9007-6140","A69-9007","A69-9007-6140",143,NA,NA,"ADC","2022-02-20 12:19:04","UTC",-80.78626,28.6223,"0101000020E6100000CA897615523254C0014D840D4F9F3C40",2022,2,20,51,12.3177777777778,"Titusville","","Fusco, K., et al. 2021.","HCTSA-A69-9007-6140-24684","Kirk Fusco (kirk.fusco@floridadep.gov)","Kirk Fusco (kirk.fusco@floridadep.gov)"
"HCTS","HCTS-A69-9007-6140-2022-02-17","Limulus polyphemus","horseshoe crab","2023-10-18","HCTSA","HCTSA","487551-W","487551",1.2,0.3,"A69-9007-6140","A69-9007","A69-9007-6140",143,NA,NA,"ADC","2022-02-20 12:22:18","UTC",-80.79027,28.62344,"0101000020E6100000A3409FC8933254C0AB048BC3999F3C40",2022,2,20,51,12.3716666666667,"Titusville","","Fusco, K., et al. 2021.","HCTSA-A69-9007-6140-24688","Kirk Fusco (kirk.fusco@floridadep.gov)","Kirk Fusco (kirk.fusco@floridadep.gov)"
"HCTS","HCTS-A69-9007-6140-2022-02-17","Limulus polyphemus","horseshoe crab","2023-10-18","HCTSA","HCTSA","487550-SE","487550",1.2,0.3,"A69-9007-6140","A69-9007","A69-9007-6140",143,NA,NA,"ADC","2022-02-20 12:22:19","UTC",-80.78626,28.6223,"0101000020E6100000CA897615523254C0014D840D4F9F3C40",2022,2,20,51,12.3719444444444,"Titusville","","Fusco, K., et al. 2021.","HCTSA-A69-9007-6140-24692","Kirk Fusco (kirk.fusco@floridadep.gov)","Kirk Fusco (kirk.fusco@floridadep.gov)"
"HCTS","HCTS-A69-9007-6140-2022-02-17","Limulus polyphemus","horseshoe crab","2023-10-18","HCTSA","HCTSA","487551-W","487551",1.2,0.3,"A69-9007-6140","A69-9007","A69-9007-6140",143,NA,NA,"ADC","2022-02-20 12:25:34","UTC",-80.79027,28.62344,"0101000020E6100000A3409FC8933254C0AB048BC3999F3C40",2022,2,20,51,12.4261111111111,"Titusville","","Fusco, K., et al. 2021.","HCTSA-A69-9007-6140-24697","Kirk Fusco (kirk.fusco@floridadep.gov)","Kirk Fusco (kirk.fusco@floridadep.gov)"
"HCTS","HCTS-A69-9007-6140-2022-02-17","Limulus polyphemus","horseshoe crab","2023-10-18","HCTSA","HCTSA","487550-SE","487550",1.2,0.3,"A69-9007-6140","A69-9007","A69-9007-6140",143,NA,NA,"ADC","2022-02-20 12:25:36","UTC",-80.78626,28.6223,"0101000020E6100000CA897615523254C0014D840D4F9F3C40",2022,2,20,51,12.4266666666667,"Titusville","","Fusco, K., et al. 2021.","HCTSA-A69-9007-6140-24698","Kirk Fusco (kirk.fusco@floridadep.gov)","Kirk Fusco (kirk.fusco@floridadep.gov)"
"HCTS","HCTS-A69-9007-6140-2022-02-17","Limulus polyphemus","horseshoe crab","2023-10-18","HCTSA","HCTSA","487551-W","487551",1.2,0.3,"A69-9007-6140","A69-9007","A69-9007-6140",143,NA,NA,"ADC","2022-02-20 12:28:52","UTC",-80.79027,28.62344,"0101000020E6100000A3409FC8933254C0AB048BC3999F3C40",2022,2,20,51,12.4811111111111,"Titusville","","Fusco, K., et al. 2021.","HCTSA-A69-9007-6140-24700","Kirk Fusco (kirk.fusco@floridadep.gov)","Kirk Fusco (kirk.fusco@floridadep.gov)"
"HCTS","HCTS-A69-9007-6140-2022-02-17","Limulus polyphemus","horseshoe crab","2023-10-18","HCTSA","HCTSA","487550-SE","487550",1.2,0.3,"A69-9007-6140","A69-9007","A69-9007-6140",143,NA,NA,"ADC","2022-02-20 12:28:54","UTC",-80.78626,28.6223,"0101000020E6100000CA897615523254C0014D840D4F9F3C40",2022,2,20,51,12.4816666666667,"Titusville","","Fusco, K., et al. 2021.","HCTSA-A69-9007-6140-24701","Kirk Fusco (kirk.fusco@floridadep.gov)","Kirk Fusco (kirk.fusco@floridadep.gov)"
"HCTS","HCTS-A69-9007-6140-2022-02-17","Limulus polyphemus","horseshoe crab","2023-10-18","HCTSA","HCTSA","487549-NE","487549",1.2,0.3,"A69-9007-6140","A69-9007","A69-9007-6140",143,NA,NA,"ADC","2022-02-20 12:32:13","UTC",-80.78791,28.62577,"0101000020E61000003F8C101E6D3254C063D1747632A03C40",2022,2,20,51,12.5369444444444,"Titusville","","Fusco, K., et al. 2021.","HCTSA-A69-9007-6140-24706","Kirk Fusco (kirk.fusco@floridadep.gov)","Kirk Fusco (kirk.fusco@floridadep.gov)"
"HCTS","HCTS-A69-9007-6140-2022-02-17","Limulus polyphemus","horseshoe crab","2023-10-18","HCTSA","HCTSA","487551-W","487551",1.2,0.3,"A69-9007-6140","A69-9007","A69-9007-6140",143,NA,NA,"ADC","2022-02-20 12:32:14","UTC",-80.79027,28.62344,"0101000020E6100000A3409FC8933254C0AB048BC3999F3C40",2022,2,20,51,12.5372222222222,"Titusville","","Fusco, K., et al. 2021.","HCTSA-A69-9007-6140-24707","Kirk Fusco (kirk.fusco@floridadep.gov)","Kirk Fusco (kirk.fusco@floridadep.gov)"
"HCTS","HCTS-A69-9007-6140-2022-02-17","Limulus polyphemus","horseshoe crab","2023-10-18","HCTSA","HCTSA","487550-SE","487550",1.2,0.3,"A69-9007-6140","A69-9007","A69-9007-6140",143,NA,NA,"ADC","2022-02-20 12:32:16","UTC",-80.78626,28.6223,"0101000020E6100000CA897615523254C0014D840D4F9F3C40",2022,2,20,51,12.5377777777778,"Titusville","","Fusco, K., et al. 2021.","HCTSA-A69-9007-6140-24708","Kirk Fusco (kirk.fusco@floridadep.gov)","Kirk Fusco (kirk.fusco@floridadep.gov)"
"HCTS","HCTS-A69-9007-6140-2022-02-17","Limulus polyphemus","horseshoe crab","2023-10-18","HCTSA","HCTSA","487551-W","487551",1.2,0.3,"A69-9007-6140","A69-9007","A69-9007-6140",144,NA,NA,"ADC","2022-02-20 12:35:44","UTC",-80.79027,28.62344,"0101000020E6100000A3409FC8933254C0AB048BC3999F3C40",2022,2,20,51,12.5955555555556,"Titusville","","Fusco, K., et al. 2021.","HCTSA-A69-9007-6140-24716","Kirk Fusco (kirk.fusco@floridadep.gov)","Kirk Fusco (kirk.fusco@floridadep.gov)"
"HCTS","HCTS-A69-9007-6140-2022-02-17","Limulus polyphemus","horseshoe crab","2023-10-18","HCTSA","HCTSA","487551-W","487551",1.2,0.3,"A69-9007-6140","A69-9007","A69-9007-6140",145,NA,NA,"ADC","2022-02-20 12:39:29","UTC",-80.79027,28.62344,"0101000020E6100000A3409FC8933254C0AB048BC3999F3C40",2022,2,20,51,12.6580555555556,"Titusville","","Fusco, K., et al. 2021.","HCTSA-A69-9007-6140-24719","Kirk Fusco (kirk.fusco@floridadep.gov)","Kirk Fusco (kirk.fusco@floridadep.gov)"
"HCTS","HCTS-A69-9007-6140-2022-02-17","Limulus polyphemus","horseshoe crab","2023-10-18","HCTSA","HCTSA","487549-NE","487549",1.2,0.3,"A69-9007-6140","A69-9007","A69-9007-6140",145,NA,NA,"ADC","2022-02-20 12:39:29","UTC",-80.78791,28.62577,"0101000020E61000003F8C101E6D3254C063D1747632A03C40",2022,2,20,51,12.6580555555556,"Titusville","","Fusco, K., et al. 2021.","HCTSA-A69-9007-6140-24718","Kirk Fusco (kirk.fusco@floridadep.gov)","Kirk Fusco (kirk.fusco@floridadep.gov)"
"HCTS","HCTS-A69-9007-6140-2022-02-17","Limulus polyphemus","horseshoe crab","2023-10-18","HCTSA","HCTSA","487549-NE","487549",1.2,0.3,"A69-9007-6140","A69-9007","A69-9007-6140",144,NA,NA,"ADC","2022-02-20 12:43:44","UTC",-80.78791,28.62577,"0101000020E61000003F8C101E6D3254C063D1747632A03C40",2022,2,20,51,12.7288888888889,"Titusville","","Fusco, K., et al. 2021.","HCTSA-A69-9007-6140-24727","Kirk Fusco (kirk.fusco@floridadep.gov)","Kirk Fusco (kirk.fusco@floridadep.gov)"
"HCTS","HCTS-A69-9007-6140-2022-02-17","Limulus polyphemus","horseshoe crab","2023-10-18","HCTSA","HCTSA","487551-W","487551",1.2,0.3,"A69-9007-6140","A69-9007","A69-9007-6140",144,NA,NA,"ADC","2022-02-20 12:43:45","UTC",-80.79027,28.62344,"0101000020E6100000A3409FC8933254C0AB048BC3999F3C40",2022,2,20,51,12.7291666666667,"Titusville","","Fusco, K., et al. 2021.","HCTSA-A69-9007-6140-24728","Kirk Fusco (kirk.fusco@floridadep.gov)","Kirk Fusco (kirk.fusco@floridadep.gov)"
"HCTS","HCTS-A69-9007-6140-2022-02-17","Limulus polyphemus","horseshoe crab","2023-10-18","HCTSA","HCTSA","487550-SE","487550",1.2,0.3,"A69-9007-6140","A69-9007","A69-9007-6140",144,NA,NA,"ADC","2022-02-20 12:43:47","UTC",-80.78626,28.6223,"0101000020E6100000CA897615523254C0014D840D4F9F3C40",2022,2,20,51,12.7297222222222,"Titusville","","Fusco, K., et al. 2021.","HCTSA-A69-9007-6140-24731","Kirk Fusco (kirk.fusco@floridadep.gov)","Kirk Fusco (kirk.fusco@floridadep.gov)"
"HCTS","HCTS-A69-9007-6140-2022-02-17","Limulus polyphemus","horseshoe crab","2023-10-18","HCTSA","HCTSA","487549-NE","487549",1.2,0.3,"A69-9007-6140","A69-9007","A69-9007-6140",143,NA,NA,"ADC","2022-02-20 12:47:22","UTC",-80.78791,28.62577,"0101000020E61000003F8C101E6D3254C063D1747632A03C40",2022,2,20,51,12.7894444444444,"Titusville","","Fusco, K., et al. 2021.","HCTSA-A69-9007-6140-24734","Kirk Fusco (kirk.fusco@floridadep.gov)","Kirk Fusco (kirk.fusco@floridadep.gov)"
"HCTS","HCTS-A69-9007-6140-2022-02-17","Limulus polyphemus","horseshoe crab","2023-10-18","HCTSA","HCTSA","487551-W","487551",1.2,0.3,"A69-9007-6140","A69-9007","A69-9007-6140",143,NA,NA,"ADC","2022-02-20 12:47:23","UTC",-80.79027,28.62344,"0101000020E6100000A3409FC8933254C0AB048BC3999F3C40",2022,2,20,51,12.7897222222222,"Titusville","","Fusco, K., et al. 2021.","HCTSA-A69-9007-6140-24735","Kirk Fusco (kirk.fusco@floridadep.gov)","Kirk Fusco (kirk.fusco@floridadep.gov)"
"HCTS","HCTS-A69-9007-6140-2022-02-17","Limulus polyphemus","horseshoe crab","2023-10-18","HCTSA","HCTSA","487550-SE","487550",1.2,0.3,"A69-9007-6140","A69-9007","A69-9007-6140",143,NA,NA,"ADC","2022-02-20 12:47:25","UTC",-80.78626,28.6223,"0101000020E6100000CA897615523254C0014D840D4F9F3C40",2022,2,20,51,12.7902777777778,"Titusville","","Fusco, K., et al. 2021.","HCTSA-A69-9007-6140-24736","Kirk Fusco (kirk.fusco@floridadep.gov)","Kirk Fusco (kirk.fusco@floridadep.gov)"
"HCTS","HCTS-A69-9007-6140-2022-02-17","Limulus polyphemus","horseshoe crab","2023-10-18","HCTSA","HCTSA","487551-W","487551",1.2,0.3,"A69-9007-6140","A69-9007","A69-9007-6140",143,NA,NA,"ADC","2022-02-20 12:51:24","UTC",-80.79027,28.62344,"0101000020E6100000A3409FC8933254C0AB048BC3999F3C40",2022,2,20,51,12.8566666666667,"Titusville","","Fusco, K., et al. 2021.","HCTSA-A69-9007-6140-24741","Kirk Fusco (kirk.fusco@floridadep.gov)","Kirk Fusco (kirk.fusco@floridadep.gov)"
"HCTS","HCTS-A69-9007-6140-2022-02-17","Limulus polyphemus","horseshoe crab","2023-10-18","HCTSA","HCTSA","487550-SE","487550",1.2,0.3,"A69-9007-6140","A69-9007","A69-9007-6140",143,NA,NA,"ADC","2022-02-20 12:51:25","UTC",-80.78626,28.6223,"0101000020E6100000CA897615523254C0014D840D4F9F3C40",2022,2,20,51,12.8569444444444,"Titusville","","Fusco, K., et al. 2021.","HCTSA-A69-9007-6140-24742","Kirk Fusco (kirk.fusco@floridadep.gov)","Kirk Fusco (kirk.fusco@floridadep.gov)"
"HCTS","HCTS-A69-9007-6140-2022-02-17","Limulus polyphemus","horseshoe crab","2023-10-18","HCTSA","HCTSA","487551-W","487551",1.2,0.3,"A69-9007-6140","A69-9007","A69-9007-6140",143,NA,NA,"ADC","2022-02-20 12:56:11","UTC",-80.79027,28.62344,"0101000020E6100000A3409FC8933254C0AB048BC3999F3C40",2022,2,20,51,12.9363888888889,"Titusville","","Fusco, K., et al. 2021.","HCTSA-A69-9007-6140-24750","Kirk Fusco (kirk.fusco@floridadep.gov)","Kirk Fusco (kirk.fusco@floridadep.gov)"
"HCTS","HCTS-A69-9007-6140-2022-02-17","Limulus polyphemus","horseshoe crab","2023-10-18","HCTSA","HCTSA","487550-SE","487550",1.2,0.3,"A69-9007-6140","A69-9007","A69-9007-6140",143,NA,NA,"ADC","2022-02-20 12:56:12","UTC",-80.78626,28.6223,"0101000020E6100000CA897615523254C0014D840D4F9F3C40",2022,2,20,51,12.9366666666667,"Titusville","","Fusco, K., et al. 2021.","HCTSA-A69-9007-6140-24751","Kirk Fusco (kirk.fusco@floridadep.gov)","Kirk Fusco (kirk.fusco@floridadep.gov)"
"HCTS","HCTS-A69-9007-6140-2022-02-17","Limulus polyphemus","horseshoe crab","2023-10-18","HCTSA","HCTSA","487551-W","487551",1.2,0.3,"A69-9007-6140","A69-9007","A69-9007-6140",144,NA,NA,"ADC","2022-02-20 13:00:50","UTC",-80.79027,28.62344,"0101000020E6100000A3409FC8933254C0AB048BC3999F3C40",2022,2,20,51,13.0138888888889,"Titusville","","Fusco, K., et al. 2021.","HCTSA-A69-9007-6140-24756","Kirk Fusco (kirk.fusco@floridadep.gov)","Kirk Fusco (kirk.fusco@floridadep.gov)"
"HCTS","HCTS-A69-9007-6140-2022-02-17","Limulus polyphemus","horseshoe crab","2023-10-18","HCTSA","HCTSA","487551-W","487551",1.2,0.3,"A69-9007-6140","A69-9007","A69-9007-6140",145,NA,NA,"ADC","2022-02-20 13:05:15","UTC",-80.79027,28.62344,"0101000020E6100000A3409FC8933254C0AB048BC3999F3C40",2022,2,20,51,13.0875,"Titusville","","Fusco, K., et al. 2021.","HCTSA-A69-9007-6140-24764","Kirk Fusco (kirk.fusco@floridadep.gov)","Kirk Fusco (kirk.fusco@floridadep.gov)"
"HCTS","HCTS-A69-9007-6140-2022-02-17","Limulus polyphemus","horseshoe crab","2023-10-18","HCTSA","HCTSA","487550-SE","487550",1.2,0.3,"A69-9007-6140","A69-9007","A69-9007-6140",145,NA,NA,"ADC","2022-02-20 13:05:16","UTC",-80.78626,28.6223,"0101000020E6100000CA897615523254C0014D840D4F9F3C40",2022,2,20,51,13.0877777777778,"Titusville","","Fusco, K., et al. 2021.","HCTSA-A69-9007-6140-24765","Kirk Fusco (kirk.fusco@floridadep.gov)","Kirk Fusco (kirk.fusco@floridadep.gov)"
"HCTS","HCTS-A69-9007-6140-2022-02-17","Limulus polyphemus","horseshoe crab","2023-10-18","HCTSA","HCTSA","487551-W","487551",1.2,0.3,"A69-9007-6140","A69-9007","A69-9007-6140",146,NA,NA,"ADC","2022-02-20 13:09:10","UTC",-80.79027,28.62344,"0101000020E6100000A3409FC8933254C0AB048BC3999F3C40",2022,2,20,51,13.1527777777778,"Titusville","","Fusco, K., et al. 2021.","HCTSA-A69-9007-6140-24767","Kirk Fusco (kirk.fusco@floridadep.gov)","Kirk Fusco (kirk.fusco@floridadep.gov)"
"HCTS","HCTS-A69-9007-6140-2022-02-17","Limulus polyphemus","horseshoe crab","2023-10-18","HCTSA","HCTSA","487550-SE","487550",1.2,0.3,"A69-9007-6140","A69-9007","A69-9007-6140",146,NA,NA,"ADC","2022-02-20 13:09:11","UTC",-80.78626,28.6223,"0101000020E6100000CA897615523254C0014D840D4F9F3C40",2022,2,20,51,13.1530555555556,"Titusville","","Fusco, K., et al. 2021.","HCTSA-A69-9007-6140-24770","Kirk Fusco (kirk.fusco@floridadep.gov)","Kirk Fusco (kirk.fusco@floridadep.gov)"
"HCTS","HCTS-A69-9007-6140-2022-02-17","Limulus polyphemus","horseshoe crab","2023-10-18","HCTSA","HCTSA","487551-W","487551",1.2,0.3,"A69-9007-6140","A69-9007","A69-9007-6140",145,NA,NA,"ADC","2022-02-20 13:18:01","UTC",-80.79027,28.62344,"0101000020E6100000A3409FC8933254C0AB048BC3999F3C40",2022,2,20,51,13.3002777777778,"Titusville","","Fusco, K., et al. 2021.","HCTSA-A69-9007-6140-24780","Kirk Fusco (kirk.fusco@floridadep.gov)","Kirk Fusco (kirk.fusco@floridadep.gov)"
"HCTS","HCTS-A69-9007-6140-2022-02-17","Limulus polyphemus","horseshoe crab","2023-10-18","HCTSA","HCTSA","487551-W","487551",1.2,0.3,"A69-9007-6140","A69-9007","A69-9007-6140",146,NA,NA,"ADC","2022-02-20 13:21:38","UTC",-80.79027,28.62344,"0101000020E6100000A3409FC8933254C0AB048BC3999F3C40",2022,2,20,51,13.3605555555556,"Titusville","","Fusco, K., et al. 2021.","HCTSA-A69-9007-6140-24785","Kirk Fusco (kirk.fusco@floridadep.gov)","Kirk Fusco (kirk.fusco@floridadep.gov)"
"HCTS","HCTS-A69-9007-6140-2022-02-17","Limulus polyphemus","horseshoe crab","2023-10-18","HCTSA","HCTSA","487551-W","487551",1.2,0.3,"A69-9007-6140","A69-9007","A69-9007-6140",146,NA,NA,"ADC","2022-02-20 13:25:38","UTC",-80.79027,28.62344,"0101000020E6100000A3409FC8933254C0AB048BC3999F3C40",2022,2,20,51,13.4272222222222,"Titusville","","Fusco, K., et al. 2021.","HCTSA-A69-9007-6140-24793","Kirk Fusco (kirk.fusco@floridadep.gov)","Kirk Fusco (kirk.fusco@floridadep.gov)"
"HCTS","HCTS-A69-9007-6140-2022-02-17","Limulus polyphemus","horseshoe crab","2023-10-18","HCTSA","HCTSA","487551-W","487551",1.2,0.3,"A69-9007-6140","A69-9007","A69-9007-6140",146,NA,NA,"ADC","2022-02-20 13:42:32","UTC",-80.79027,28.62344,"0101000020E6100000A3409FC8933254C0AB048BC3999F3C40",2022,2,20,51,13.7088888888889,"Titusville","","Fusco, K., et al. 2021.","HCTSA-A69-9007-6140-24807","Kirk Fusco (kirk.fusco@floridadep.gov)","Kirk Fusco (kirk.fusco@floridadep.gov)"
"HCTS","HCTS-A69-9007-6140-2022-02-17","Limulus polyphemus","horseshoe crab","2023-10-18","HCTSA","HCTSA","487551-W","487551",1.2,0.3,"A69-9007-6140","A69-9007","A69-9007-6140",146,NA,NA,"ADC","2022-02-20 13:46:13","UTC",-80.79027,28.62344,"0101000020E6100000A3409FC8933254C0AB048BC3999F3C40",2022,2,20,51,13.7702777777778,"Titusville","","Fusco, K., et al. 2021.","HCTSA-A69-9007-6140-24815","Kirk Fusco (kirk.fusco@floridadep.gov)","Kirk Fusco (kirk.fusco@floridadep.gov)"
"HCTS","HCTS-A69-9007-6140-2022-02-17","Limulus polyphemus","horseshoe crab","2023-10-18","HCTSA","HCTSA","487551-W","487551",1.2,0.3,"A69-9007-6140","A69-9007","A69-9007-6140",146,NA,NA,"ADC","2022-02-20 13:50:18","UTC",-80.79027,28.62344,"0101000020E6100000A3409FC8933254C0AB048BC3999F3C40",2022,2,20,51,13.8383333333333,"Titusville","","Fusco, K., et al. 2021.","HCTSA-A69-9007-6140-24818","Kirk Fusco (kirk.fusco@floridadep.gov)","Kirk Fusco (kirk.fusco@floridadep.gov)"
"HCTS","HCTS-A69-9007-6140-2022-02-17","Limulus polyphemus","horseshoe crab","2023-10-18","HCTSA","HCTSA","487551-W","487551",1.2,0.3,"A69-9007-6140","A69-9007","A69-9007-6140",146,NA,NA,"ADC","2022-02-20 13:53:35","UTC",-80.79027,28.62344,"0101000020E6100000A3409FC8933254C0AB048BC3999F3C40",2022,2,20,51,13.8930555555556,"Titusville","","Fusco, K., et al. 2021.","HCTSA-A69-9007-6140-24826","Kirk Fusco (kirk.fusco@floridadep.gov)","Kirk Fusco (kirk.fusco@floridadep.gov)"
"HCTS","HCTS-A69-9007-6140-2022-02-17","Limulus polyphemus","horseshoe crab","2023-10-18","HCTSA","HCTSA","487550-SE","487550",1.2,0.3,"A69-9007-6140","A69-9007","A69-9007-6140",146,NA,NA,"ADC","2022-02-20 13:53:37","UTC",-80.78626,28.6223,"0101000020E6100000CA897615523254C0014D840D4F9F3C40",2022,2,20,51,13.8936111111111,"Titusville","","Fusco, K., et al. 2021.","HCTSA-A69-9007-6140-24827","Kirk Fusco (kirk.fusco@floridadep.gov)","Kirk Fusco (kirk.fusco@floridadep.gov)"
"HCTS","HCTS-A69-9007-6140-2022-02-17","Limulus polyphemus","horseshoe crab","2023-10-18","HCTSA","HCTSA","487551-W","487551",1.2,0.3,"A69-9007-6140","A69-9007","A69-9007-6140",146,NA,NA,"ADC","2022-02-20 13:56:54","UTC",-80.79027,28.62344,"0101000020E6100000A3409FC8933254C0AB048BC3999F3C40",2022,2,20,51,13.9483333333333,"Titusville","","Fusco, K., et al. 2021.","HCTSA-A69-9007-6140-24829","Kirk Fusco (kirk.fusco@floridadep.gov)","Kirk Fusco (kirk.fusco@floridadep.gov)"
"HCTS","HCTS-A69-9007-6140-2022-02-17","Limulus polyphemus","horseshoe crab","2023-10-18","HCTSA","HCTSA","487551-W","487551",1.2,0.3,"A69-9007-6140","A69-9007","A69-9007-6140",147,NA,NA,"ADC","2022-02-20 14:03:45","UTC",-80.79027,28.62344,"0101000020E6100000A3409FC8933254C0AB048BC3999F3C40",2022,2,20,51,14.0625,"Titusville","","Fusco, K., et al. 2021.","HCTSA-A69-9007-6140-24838","Kirk Fusco (kirk.fusco@floridadep.gov)","Kirk Fusco (kirk.fusco@floridadep.gov)"
"HCTS","HCTS-A69-9007-6140-2022-02-17","Limulus polyphemus","horseshoe crab","2023-10-18","HCTSA","HCTSA","487551-W","487551",1.2,0.3,"A69-9007-6140","A69-9007","A69-9007-6140",146,NA,NA,"ADC","2022-02-20 14:11:44","UTC",-80.79027,28.62344,"0101000020E6100000A3409FC8933254C0AB048BC3999F3C40",2022,2,20,51,14.1955555555556,"Titusville","","Fusco, K., et al. 2021.","HCTSA-A69-9007-6140-24844","Kirk Fusco (kirk.fusco@floridadep.gov)","Kirk Fusco (kirk.fusco@floridadep.gov)"
"HCTS","HCTS-A69-9007-6140-2022-02-17","Limulus polyphemus","horseshoe crab","2023-10-18","HCTSA","HCTSA","487551-W","487551",1.2,0.3,"A69-9007-6140","A69-9007","A69-9007-6140",146,NA,NA,"ADC","2022-02-20 14:15:19","UTC",-80.79027,28.62344,"0101000020E6100000A3409FC8933254C0AB048BC3999F3C40",2022,2,20,51,14.2552777777778,"Titusville","","Fusco, K., et al. 2021.","HCTSA-A69-9007-6140-24851","Kirk Fusco (kirk.fusco@floridadep.gov)","Kirk Fusco (kirk.fusco@floridadep.gov)"
"HCTS","HCTS-A69-9007-6140-2022-02-17","Limulus polyphemus","horseshoe crab","2023-10-18","HCTSA","HCTSA","487551-W","487551",1.2,0.3,"A69-9007-6140","A69-9007","A69-9007-6140",148,NA,NA,"ADC","2022-02-20 14:28:06","UTC",-80.79027,28.62344,"0101000020E6100000A3409FC8933254C0AB048BC3999F3C40",2022,2,20,51,14.4683333333333,"Titusville","","Fusco, K., et al. 2021.","HCTSA-A69-9007-6140-24857","Kirk Fusco (kirk.fusco@floridadep.gov)","Kirk Fusco (kirk.fusco@floridadep.gov)"
"HCTS","HCTS-A69-9007-6140-2022-02-17","Limulus polyphemus","horseshoe crab","2023-10-18","HCTSA","HCTSA","487551-W","487551",1.2,0.3,"A69-9007-6140","A69-9007","A69-9007-6140",148,NA,NA,"ADC","2022-02-20 14:31:45","UTC",-80.79027,28.62344,"0101000020E6100000A3409FC8933254C0AB048BC3999F3C40",2022,2,20,51,14.5291666666667,"Titusville","","Fusco, K., et al. 2021.","HCTSA-A69-9007-6140-24862","Kirk Fusco (kirk.fusco@floridadep.gov)","Kirk Fusco (kirk.fusco@floridadep.gov)"
"HCTS","HCTS-A69-9007-6140-2022-02-17","Limulus polyphemus","horseshoe crab","2023-10-24","KSC","KSC","IR3","133260",NA,NA,"A69-9007-6140","A69-9007","A69-9007-6140",186,NA,NA,"ADC","2022-02-25 21:54:17","UTC",-80.80634,28.64989,"0101000020E61000003A5D16139B3354C058FFE7305FA63C40",2022,2,25,56,21.9047222222222,"","","Reyier, E., Provancha, J., Ahr, B., Scheidt, D., Holloway-Adkins, K. 2008. Life History Studies of Sportfish, Sharks, and Sea Turtles in Estuarine and Nearshore Waters at Cape Canaveral, Florida, USA","KSC-A69-9007-6140-7316631","Eric Reyier (eric.a.reyier@nasa.gov)","Bonnie Ahr (bonnie.j.ahr@nasa.gov), Karen Holloway-Adkins (kholloway-adkins@eastcoastbiologists.org), Jane Provancha (jane.a.provancha@nasa.gov), Eric Reyier (eric.a.reyier@nasa.gov), Douglas Scheidt (douglas.m.scheidt@nasa.gov)"
"HCTS","HCTS-A69-9007-6140-2022-02-17","Limulus polyphemus","horseshoe crab","2023-10-24","KSC","KSC","IR3","133260",NA,NA,"A69-9007-6140","A69-9007","A69-9007-6140",186,NA,NA,"ADC","2022-02-25 21:58:52","UTC",-80.80634,28.64989,"0101000020E61000003A5D16139B3354C058FFE7305FA63C40",2022,2,25,56,21.9811111111111,"","","Reyier, E., Provancha, J., Ahr, B., Scheidt, D., Holloway-Adkins, K. 2008. Life History Studies of Sportfish, Sharks, and Sea Turtles in Estuarine and Nearshore Waters at Cape Canaveral, Florida, USA","KSC-A69-9007-6140-7316647","Eric Reyier (eric.a.reyier@nasa.gov)","Bonnie Ahr (bonnie.j.ahr@nasa.gov), Karen Holloway-Adkins (kholloway-adkins@eastcoastbiologists.org), Jane Provancha (jane.a.provancha@nasa.gov), Eric Reyier (eric.a.reyier@nasa.gov), Douglas Scheidt (douglas.m.scheidt@nasa.gov)"
"HCTS","HCTS-A69-9007-6140-2022-02-17","Limulus polyphemus","horseshoe crab","2023-10-24","KSC","KSC","IR3","133260",NA,NA,"A69-9007-6140","A69-9007","A69-9007-6140",186,NA,NA,"ADC","2022-02-25 22:06:42","UTC",-80.80634,28.64989,"0101000020E61000003A5D16139B3354C058FFE7305FA63C40",2022,2,25,56,22.1116666666667,"","","Reyier, E., Provancha, J., Ahr, B., Scheidt, D., Holloway-Adkins, K. 2008. Life History Studies of Sportfish, Sharks, and Sea Turtles in Estuarine and Nearshore Waters at Cape Canaveral, Florida, USA","KSC-A69-9007-6140-7316677","Eric Reyier (eric.a.reyier@nasa.gov)","Bonnie Ahr (bonnie.j.ahr@nasa.gov), Karen Holloway-Adkins (kholloway-adkins@eastcoastbiologists.org), Jane Provancha (jane.a.provancha@nasa.gov), Eric Reyier (eric.a.reyier@nasa.gov), Douglas Scheidt (douglas.m.scheidt@nasa.gov)"
"HCTS","HCTS-A69-9007-6140-2022-02-17","Limulus polyphemus","horseshoe crab","2023-10-24","KSC","KSC","IR3","133260",NA,NA,"A69-9007-6140","A69-9007","A69-9007-6140",185,NA,NA,"ADC","2022-03-10 13:25:24","UTC",-80.80634,28.64989,"0101000020E61000003A5D16139B3354C058FFE7305FA63C40",2022,3,10,69,13.4233333333333,"","","Reyier, E., Provancha, J., Ahr, B., Scheidt, D., Holloway-Adkins, K. 2008. Life History Studies of Sportfish, Sharks, and Sea Turtles in Estuarine and Nearshore Waters at Cape Canaveral, Florida, USA","KSC-A69-9007-6140-7370069","Eric Reyier (eric.a.reyier@nasa.gov)","Bonnie Ahr (bonnie.j.ahr@nasa.gov), Karen Holloway-Adkins (kholloway-adkins@eastcoastbiologists.org), Jane Provancha (jane.a.provancha@nasa.gov), Eric Reyier (eric.a.reyier@nasa.gov), Douglas Scheidt (douglas.m.scheidt@nasa.gov)"
"HCTS","HCTS-A69-9007-6140-2022-02-17","Limulus polyphemus","horseshoe crab","2023-10-24","KSC","KSC","IR3","133260",NA,NA,"A69-9007-6140","A69-9007","A69-9007-6140",185,NA,NA,"ADC","2022-03-10 13:33:08","UTC",-80.80634,28.64989,"0101000020E61000003A5D16139B3354C058FFE7305FA63C40",2022,3,10,69,13.5522222222222,"","","Reyier, E., Provancha, J., Ahr, B., Scheidt, D., Holloway-Adkins, K. 2008. Life History Studies of Sportfish, Sharks, and Sea Turtles in Estuarine and Nearshore Waters at Cape Canaveral, Florida, USA","KSC-A69-9007-6140-7370092","Eric Reyier (eric.a.reyier@nasa.gov)","Bonnie Ahr (bonnie.j.ahr@nasa.gov), Karen Holloway-Adkins (kholloway-adkins@eastcoastbiologists.org), Jane Provancha (jane.a.provancha@nasa.gov), Eric Reyier (eric.a.reyier@nasa.gov), Douglas Scheidt (douglas.m.scheidt@nasa.gov)"
"HCTS","HCTS-A69-9007-6140-2022-02-17","Limulus polyphemus","horseshoe crab","2023-10-24","KSC","KSC","IR3","133260",NA,NA,"A69-9007-6140","A69-9007","A69-9007-6140",185,NA,NA,"ADC","2022-03-10 13:36:56","UTC",-80.80634,28.64989,"0101000020E61000003A5D16139B3354C058FFE7305FA63C40",2022,3,10,69,13.6155555555556,"","","Reyier, E., Provancha, J., Ahr, B., Scheidt, D., Holloway-Adkins, K. 2008. Life History Studies of Sportfish, Sharks, and Sea Turtles in Estuarine and Nearshore Waters at Cape Canaveral, Florida, USA","KSC-A69-9007-6140-7370108","Eric Reyier (eric.a.reyier@nasa.gov)","Bonnie Ahr (bonnie.j.ahr@nasa.gov), Karen Holloway-Adkins (kholloway-adkins@eastcoastbiologists.org), Jane Provancha (jane.a.provancha@nasa.gov), Eric Reyier (eric.a.reyier@nasa.gov), Douglas Scheidt (douglas.m.scheidt@nasa.gov)"
"HCTS","HCTS-A69-9007-6140-2022-02-17","Limulus polyphemus","horseshoe crab","2023-10-24","KSC","KSC","IR3","133260",NA,NA,"A69-9007-6140","A69-9007","A69-9007-6140",185,NA,NA,"ADC","2022-03-10 13:41:17","UTC",-80.80634,28.64989,"0101000020E61000003A5D16139B3354C058FFE7305FA63C40",2022,3,10,69,13.6880555555556,"","","Reyier, E., Provancha, J., Ahr, B., Scheidt, D., Holloway-Adkins, K. 2008. Life History Studies of Sportfish, Sharks, and Sea Turtles in Estuarine and Nearshore Waters at Cape Canaveral, Florida, USA","KSC-A69-9007-6140-7370125","Eric Reyier (eric.a.reyier@nasa.gov)","Bonnie Ahr (bonnie.j.ahr@nasa.gov), Karen Holloway-Adkins (kholloway-adkins@eastcoastbiologists.org), Jane Provancha (jane.a.provancha@nasa.gov), Eric Reyier (eric.a.reyier@nasa.gov), Douglas Scheidt (douglas.m.scheidt@nasa.gov)"
"HCTS","HCTS-A69-9007-6140-2022-02-17","Limulus polyphemus","horseshoe crab","2023-10-24","KSC","KSC","IR3","133260",NA,NA,"A69-9007-6140","A69-9007","A69-9007-6140",184,NA,NA,"ADC","2022-03-10 13:45:05","UTC",-80.80634,28.64989,"0101000020E61000003A5D16139B3354C058FFE7305FA63C40",2022,3,10,69,13.7513888888889,"","","Reyier, E., Provancha, J., Ahr, B., Scheidt, D., Holloway-Adkins, K. 2008. Life History Studies of Sportfish, Sharks, and Sea Turtles in Estuarine and Nearshore Waters at Cape Canaveral, Florida, USA","KSC-A69-9007-6140-7370136","Eric Reyier (eric.a.reyier@nasa.gov)","Bonnie Ahr (bonnie.j.ahr@nasa.gov), Karen Holloway-Adkins (kholloway-adkins@eastcoastbiologists.org), Jane Provancha (jane.a.provancha@nasa.gov), Eric Reyier (eric.a.reyier@nasa.gov), Douglas Scheidt (douglas.m.scheidt@nasa.gov)"
"HCTS","HCTS-A69-9007-6140-2022-02-17","Limulus polyphemus","horseshoe crab","2023-10-24","KSC","KSC","IR3","133260",NA,NA,"A69-9007-6140","A69-9007","A69-9007-6140",184,NA,NA,"ADC","2022-03-10 13:49:27","UTC",-80.80634,28.64989,"0101000020E61000003A5D16139B3354C058FFE7305FA63C40",2022,3,10,69,13.8241666666667,"","","Reyier, E., Provancha, J., Ahr, B., Scheidt, D., Holloway-Adkins, K. 2008. Life History Studies of Sportfish, Sharks, and Sea Turtles in Estuarine and Nearshore Waters at Cape Canaveral, Florida, USA","KSC-A69-9007-6140-7370152","Eric Reyier (eric.a.reyier@nasa.gov)","Bonnie Ahr (bonnie.j.ahr@nasa.gov), Karen Holloway-Adkins (kholloway-adkins@eastcoastbiologists.org), Jane Provancha (jane.a.provancha@nasa.gov), Eric Reyier (eric.a.reyier@nasa.gov), Douglas Scheidt (douglas.m.scheidt@nasa.gov)"
"HCTS","HCTS-A69-9007-6140-2022-02-17","Limulus polyphemus","horseshoe crab","2023-10-24","KSC","KSC","IR3","133260",NA,NA,"A69-9007-6140","A69-9007","A69-9007-6140",184,NA,NA,"ADC","2022-03-10 13:53:16","UTC",-80.80634,28.64989,"0101000020E61000003A5D16139B3354C058FFE7305FA63C40",2022,3,10,69,13.8877777777778,"","","Reyier, E., Provancha, J., Ahr, B., Scheidt, D., Holloway-Adkins, K. 2008. Life History Studies of Sportfish, Sharks, and Sea Turtles in Estuarine and Nearshore Waters at Cape Canaveral, Florida, USA","KSC-A69-9007-6140-7370167","Eric Reyier (eric.a.reyier@nasa.gov)","Bonnie Ahr (bonnie.j.ahr@nasa.gov), Karen Holloway-Adkins (kholloway-adkins@eastcoastbiologists.org), Jane Provancha (jane.a.provancha@nasa.gov), Eric Reyier (eric.a.reyier@nasa.gov), Douglas Scheidt (douglas.m.scheidt@nasa.gov)"
"HCTS","HCTS-A69-9007-6140-2022-02-17","Limulus polyphemus","horseshoe crab","2023-10-24","KSC","KSC","IR3","133260",NA,NA,"A69-9007-6140","A69-9007","A69-9007-6140",184,NA,NA,"ADC","2022-03-10 13:57:39","UTC",-80.80634,28.64989,"0101000020E61000003A5D16139B3354C058FFE7305FA63C40",2022,3,10,69,13.9608333333333,"","","Reyier, E., Provancha, J., Ahr, B., Scheidt, D., Holloway-Adkins, K. 2008. Life History Studies of Sportfish, Sharks, and Sea Turtles in Estuarine and Nearshore Waters at Cape Canaveral, Florida, USA","KSC-A69-9007-6140-7370181","Eric Reyier (eric.a.reyier@nasa.gov)","Bonnie Ahr (bonnie.j.ahr@nasa.gov), Karen Holloway-Adkins (kholloway-adkins@eastcoastbiologists.org), Jane Provancha (jane.a.provancha@nasa.gov), Eric Reyier (eric.a.reyier@nasa.gov), Douglas Scheidt (douglas.m.scheidt@nasa.gov)"
"HCTS","HCTS-A69-9007-6140-2022-02-17","Limulus polyphemus","horseshoe crab","2023-10-24","KSC","KSC","IR3","133260",NA,NA,"A69-9007-6140","A69-9007","A69-9007-6140",184,NA,NA,"ADC","2022-03-10 22:03:26","UTC",-80.80634,28.64989,"0101000020E61000003A5D16139B3354C058FFE7305FA63C40",2022,3,10,69,22.0572222222222,"","","Reyier, E., Provancha, J., Ahr, B., Scheidt, D., Holloway-Adkins, K. 2008. Life History Studies of Sportfish, Sharks, and Sea Turtles in Estuarine and Nearshore Waters at Cape Canaveral, Florida, USA","KSC-A69-9007-6140-7371777","Eric Reyier (eric.a.reyier@nasa.gov)","Bonnie Ahr (bonnie.j.ahr@nasa.gov), Karen Holloway-Adkins (kholloway-adkins@eastcoastbiologists.org), Jane Provancha (jane.a.provancha@nasa.gov), Eric Reyier (eric.a.reyier@nasa.gov), Douglas Scheidt (douglas.m.scheidt@nasa.gov)"
"HCTS","HCTS-A69-9007-6140-2022-02-17","Limulus polyphemus","horseshoe crab","2023-10-24","KSC","KSC","IR3","133260",NA,NA,"A69-9007-6140","A69-9007","A69-9007-6140",182,NA,NA,"ADC","2022-03-10 22:16:12","UTC",-80.80634,28.64989,"0101000020E61000003A5D16139B3354C058FFE7305FA63C40",2022,3,10,69,22.27,"","","Reyier, E., Provancha, J., Ahr, B., Scheidt, D., Holloway-Adkins, K. 2008. Life History Studies of Sportfish, Sharks, and Sea Turtles in Estuarine and Nearshore Waters at Cape Canaveral, Florida, USA","KSC-A69-9007-6140-7371822","Eric Reyier (eric.a.reyier@nasa.gov)","Bonnie Ahr (bonnie.j.ahr@nasa.gov), Karen Holloway-Adkins (kholloway-adkins@eastcoastbiologists.org), Jane Provancha (jane.a.provancha@nasa.gov), Eric Reyier (eric.a.reyier@nasa.gov), Douglas Scheidt (douglas.m.scheidt@nasa.gov)"
"HCTS","HCTS-A69-9007-6140-2022-02-17","Limulus polyphemus","horseshoe crab","2023-10-24","KSC","KSC","IR3","133260",NA,NA,"A69-9007-6140","A69-9007","A69-9007-6140",182,NA,NA,"ADC","2022-03-10 22:19:50","UTC",-80.80634,28.64989,"0101000020E61000003A5D16139B3354C058FFE7305FA63C40",2022,3,10,69,22.3305555555556,"","","Reyier, E., Provancha, J., Ahr, B., Scheidt, D., Holloway-Adkins, K. 2008. Life History Studies of Sportfish, Sharks, and Sea Turtles in Estuarine and Nearshore Waters at Cape Canaveral, Florida, USA","KSC-A69-9007-6140-7371836","Eric Reyier (eric.a.reyier@nasa.gov)","Bonnie Ahr (bonnie.j.ahr@nasa.gov), Karen Holloway-Adkins (kholloway-adkins@eastcoastbiologists.org), Jane Provancha (jane.a.provancha@nasa.gov), Eric Reyier (eric.a.reyier@nasa.gov), Douglas Scheidt (douglas.m.scheidt@nasa.gov)"
"HCTS","HCTS-A69-9007-6140-2022-02-17","Limulus polyphemus","horseshoe crab","2023-10-24","KSC","KSC","IR3","133260",NA,NA,"A69-9007-6140","A69-9007","A69-9007-6140",183,NA,NA,"ADC","2022-03-10 22:23:53","UTC",-80.80634,28.64989,"0101000020E61000003A5D16139B3354C058FFE7305FA63C40",2022,3,10,69,22.3980555555556,"","","Reyier, E., Provancha, J., Ahr, B., Scheidt, D., Holloway-Adkins, K. 2008. Life History Studies of Sportfish, Sharks, and Sea Turtles in Estuarine and Nearshore Waters at Cape Canaveral, Florida, USA","KSC-A69-9007-6140-7371850","Eric Reyier (eric.a.reyier@nasa.gov)","Bonnie Ahr (bonnie.j.ahr@nasa.gov), Karen Holloway-Adkins (kholloway-adkins@eastcoastbiologists.org), Jane Provancha (jane.a.provancha@nasa.gov), Eric Reyier (eric.a.reyier@nasa.gov), Douglas Scheidt (douglas.m.scheidt@nasa.gov)"
"HCTS","HCTS-A69-9007-6140-2022-02-17","Limulus polyphemus","horseshoe crab","2023-10-24","KSC","KSC","IR3","133260",NA,NA,"A69-9007-6140","A69-9007","A69-9007-6140",184,NA,NA,"ADC","2022-03-10 22:33:28","UTC",-80.80634,28.64989,"0101000020E61000003A5D16139B3354C058FFE7305FA63C40",2022,3,10,69,22.5577777777778,"","","Reyier, E., Provancha, J., Ahr, B., Scheidt, D., Holloway-Adkins, K. 2008. Life History Studies of Sportfish, Sharks, and Sea Turtles in Estuarine and Nearshore Waters at Cape Canaveral, Florida, USA","KSC-A69-9007-6140-7371879","Eric Reyier (eric.a.reyier@nasa.gov)","Bonnie Ahr (bonnie.j.ahr@nasa.gov), Karen Holloway-Adkins (kholloway-adkins@eastcoastbiologists.org), Jane Provancha (jane.a.provancha@nasa.gov), Eric Reyier (eric.a.reyier@nasa.gov), Douglas Scheidt (douglas.m.scheidt@nasa.gov)"
"HCTS","HCTS-A69-9007-6140-2022-02-17","Limulus polyphemus","horseshoe crab","2023-10-24","KSC","KSC","IR3","133260",NA,NA,"A69-9007-6140","A69-9007","A69-9007-6140",184,NA,NA,"ADC","2022-03-10 22:42:20","UTC",-80.80634,28.64989,"0101000020E61000003A5D16139B3354C058FFE7305FA63C40",2022,3,10,69,22.7055555555556,"","","Reyier, E., Provancha, J., Ahr, B., Scheidt, D., Holloway-Adkins, K. 2008. Life History Studies of Sportfish, Sharks, and Sea Turtles in Estuarine and Nearshore Waters at Cape Canaveral, Florida, USA","KSC-A69-9007-6140-7371910","Eric Reyier (eric.a.reyier@nasa.gov)","Bonnie Ahr (bonnie.j.ahr@nasa.gov), Karen Holloway-Adkins (kholloway-adkins@eastcoastbiologists.org), Jane Provancha (jane.a.provancha@nasa.gov), Eric Reyier (eric.a.reyier@nasa.gov), Douglas Scheidt (douglas.m.scheidt@nasa.gov)"
"HCTS","HCTS-A69-9007-6140-2022-02-17","Limulus polyphemus","horseshoe crab","2023-10-24","KSC","KSC","IR3","133260",NA,NA,"A69-9007-6140","A69-9007","A69-9007-6140",184,NA,NA,"ADC","2022-03-10 23:04:11","UTC",-80.80634,28.64989,"0101000020E61000003A5D16139B3354C058FFE7305FA63C40",2022,3,10,69,23.0697222222222,"","","Reyier, E., Provancha, J., Ahr, B., Scheidt, D., Holloway-Adkins, K. 2008. Life History Studies of Sportfish, Sharks, and Sea Turtles in Estuarine and Nearshore Waters at Cape Canaveral, Florida, USA","KSC-A69-9007-6140-7371982","Eric Reyier (eric.a.reyier@nasa.gov)","Bonnie Ahr (bonnie.j.ahr@nasa.gov), Karen Holloway-Adkins (kholloway-adkins@eastcoastbiologists.org), Jane Provancha (jane.a.provancha@nasa.gov), Eric Reyier (eric.a.reyier@nasa.gov), Douglas Scheidt (douglas.m.scheidt@nasa.gov)"
"HCTS","HCTS-A69-9007-6140-2022-02-17","Limulus polyphemus","horseshoe crab","2023-10-24","KSC","KSC","IR3","133260",NA,NA,"A69-9007-6140","A69-9007","A69-9007-6140",184,NA,NA,"ADC","2022-03-10 23:16:04","UTC",-80.80634,28.64989,"0101000020E61000003A5D16139B3354C058FFE7305FA63C40",2022,3,10,69,23.2677777777778,"","","Reyier, E., Provancha, J., Ahr, B., Scheidt, D., Holloway-Adkins, K. 2008. Life History Studies of Sportfish, Sharks, and Sea Turtles in Estuarine and Nearshore Waters at Cape Canaveral, Florida, USA","KSC-A69-9007-6140-7372024","Eric Reyier (eric.a.reyier@nasa.gov)","Bonnie Ahr (bonnie.j.ahr@nasa.gov), Karen Holloway-Adkins (kholloway-adkins@eastcoastbiologists.org), Jane Provancha (jane.a.provancha@nasa.gov), Eric Reyier (eric.a.reyier@nasa.gov), Douglas Scheidt (douglas.m.scheidt@nasa.gov)"
"HCTS","HCTS-A69-9007-6140-2022-02-17","Limulus polyphemus","horseshoe crab","2023-10-24","KSC","KSC","IR3","133260",NA,NA,"A69-9007-6140","A69-9007","A69-9007-6140",184,NA,NA,"ADC","2022-03-10 23:20:49","UTC",-80.80634,28.64989,"0101000020E61000003A5D16139B3354C058FFE7305FA63C40",2022,3,10,69,23.3469444444444,"","","Reyier, E., Provancha, J., Ahr, B., Scheidt, D., Holloway-Adkins, K. 2008. Life History Studies of Sportfish, Sharks, and Sea Turtles in Estuarine and Nearshore Waters at Cape Canaveral, Florida, USA","KSC-A69-9007-6140-7372040","Eric Reyier (eric.a.reyier@nasa.gov)","Bonnie Ahr (bonnie.j.ahr@nasa.gov), Karen Holloway-Adkins (kholloway-adkins@eastcoastbiologists.org), Jane Provancha (jane.a.provancha@nasa.gov), Eric Reyier (eric.a.reyier@nasa.gov), Douglas Scheidt (douglas.m.scheidt@nasa.gov)"
"HCTS","HCTS-A69-9007-6140-2022-02-17","Limulus polyphemus","horseshoe crab","2023-10-24","KSC","KSC","IR3","133260",NA,NA,"A69-9007-6140","A69-9007","A69-9007-6140",184,NA,NA,"ADC","2022-03-10 23:25:24","UTC",-80.80634,28.64989,"0101000020E61000003A5D16139B3354C058FFE7305FA63C40",2022,3,10,69,23.4233333333333,"","","Reyier, E., Provancha, J., Ahr, B., Scheidt, D., Holloway-Adkins, K. 2008. Life History Studies of Sportfish, Sharks, and Sea Turtles in Estuarine and Nearshore Waters at Cape Canaveral, Florida, USA","KSC-A69-9007-6140-7372056","Eric Reyier (eric.a.reyier@nasa.gov)","Bonnie Ahr (bonnie.j.ahr@nasa.gov), Karen Holloway-Adkins (kholloway-adkins@eastcoastbiologists.org), Jane Provancha (jane.a.provancha@nasa.gov), Eric Reyier (eric.a.reyier@nasa.gov), Douglas Scheidt (douglas.m.scheidt@nasa.gov)"
"HCTS","HCTS-A69-9007-6140-2022-02-17","Limulus polyphemus","horseshoe crab","2023-10-24","KSC","KSC","IR3","133260",NA,NA,"A69-9007-6140","A69-9007","A69-9007-6140",184,NA,NA,"ADC","2022-03-10 23:29:40","UTC",-80.80634,28.64989,"0101000020E61000003A5D16139B3354C058FFE7305FA63C40",2022,3,10,69,23.4944444444444,"","","Reyier, E., Provancha, J., Ahr, B., Scheidt, D., Holloway-Adkins, K. 2008. Life History Studies of Sportfish, Sharks, and Sea Turtles in Estuarine and Nearshore Waters at Cape Canaveral, Florida, USA","KSC-A69-9007-6140-7372070","Eric Reyier (eric.a.reyier@nasa.gov)","Bonnie Ahr (bonnie.j.ahr@nasa.gov), Karen Holloway-Adkins (kholloway-adkins@eastcoastbiologists.org), Jane Provancha (jane.a.provancha@nasa.gov), Eric Reyier (eric.a.reyier@nasa.gov), Douglas Scheidt (douglas.m.scheidt@nasa.gov)"
"HCTS","HCTS-A69-9007-6140-2022-02-17","Limulus polyphemus","horseshoe crab","2023-10-24","KSC","KSC","IR3","133260",NA,NA,"A69-9007-6140","A69-9007","A69-9007-6140",184,NA,NA,"ADC","2022-03-10 23:33:16","UTC",-80.80634,28.64989,"0101000020E61000003A5D16139B3354C058FFE7305FA63C40",2022,3,10,69,23.5544444444444,"","","Reyier, E., Provancha, J., Ahr, B., Scheidt, D., Holloway-Adkins, K. 2008. Life History Studies of Sportfish, Sharks, and Sea Turtles in Estuarine and Nearshore Waters at Cape Canaveral, Florida, USA","KSC-A69-9007-6140-7372084","Eric Reyier (eric.a.reyier@nasa.gov)","Bonnie Ahr (bonnie.j.ahr@nasa.gov), Karen Holloway-Adkins (kholloway-adkins@eastcoastbiologists.org), Jane Provancha (jane.a.provancha@nasa.gov), Eric Reyier (eric.a.reyier@nasa.gov), Douglas Scheidt (douglas.m.scheidt@nasa.gov)"
"HCTS","HCTS-A69-9007-6140-2022-02-17","Limulus polyphemus","horseshoe crab","2023-10-24","KSC","KSC","IR3","133260",NA,NA,"A69-9007-6140","A69-9007","A69-9007-6140",184,NA,NA,"ADC","2022-03-10 23:37:13","UTC",-80.80634,28.64989,"0101000020E61000003A5D16139B3354C058FFE7305FA63C40",2022,3,10,69,23.6202777777778,"","","Reyier, E., Provancha, J., Ahr, B., Scheidt, D., Holloway-Adkins, K. 2008. Life History Studies of Sportfish, Sharks, and Sea Turtles in Estuarine and Nearshore Waters at Cape Canaveral, Florida, USA","KSC-A69-9007-6140-7372101","Eric Reyier (eric.a.reyier@nasa.gov)","Bonnie Ahr (bonnie.j.ahr@nasa.gov), Karen Holloway-Adkins (kholloway-adkins@eastcoastbiologists.org), Jane Provancha (jane.a.provancha@nasa.gov), Eric Reyier (eric.a.reyier@nasa.gov), Douglas Scheidt (douglas.m.scheidt@nasa.gov)"
"HCTS","HCTS-A69-9007-6140-2022-02-17","Limulus polyphemus","horseshoe crab","2023-10-24","KSC","KSC","IR3","133260",NA,NA,"A69-9007-6140","A69-9007","A69-9007-6140",184,NA,NA,"ADC","2022-03-10 23:41:53","UTC",-80.80634,28.64989,"0101000020E61000003A5D16139B3354C058FFE7305FA63C40",2022,3,10,69,23.6980555555556,"","","Reyier, E., Provancha, J., Ahr, B., Scheidt, D., Holloway-Adkins, K. 2008. Life History Studies of Sportfish, Sharks, and Sea Turtles in Estuarine and Nearshore Waters at Cape Canaveral, Florida, USA","KSC-A69-9007-6140-7372114","Eric Reyier (eric.a.reyier@nasa.gov)","Bonnie Ahr (bonnie.j.ahr@nasa.gov), Karen Holloway-Adkins (kholloway-adkins@eastcoastbiologists.org), Jane Provancha (jane.a.provancha@nasa.gov), Eric Reyier (eric.a.reyier@nasa.gov), Douglas Scheidt (douglas.m.scheidt@nasa.gov)"
"HCTS","HCTS-A69-9007-6140-2022-02-17","Limulus polyphemus","horseshoe crab","2023-10-24","KSC","KSC","IR3","133260",NA,NA,"A69-9007-6140","A69-9007","A69-9007-6140",184,NA,NA,"ADC","2022-03-10 23:46:18","UTC",-80.80634,28.64989,"0101000020E61000003A5D16139B3354C058FFE7305FA63C40",2022,3,10,69,23.7716666666667,"","","Reyier, E., Provancha, J., Ahr, B., Scheidt, D., Holloway-Adkins, K. 2008. Life History Studies of Sportfish, Sharks, and Sea Turtles in Estuarine and Nearshore Waters at Cape Canaveral, Florida, USA","KSC-A69-9007-6140-7372128","Eric Reyier (eric.a.reyier@nasa.gov)","Bonnie Ahr (bonnie.j.ahr@nasa.gov), Karen Holloway-Adkins (kholloway-adkins@eastcoastbiologists.org), Jane Provancha (jane.a.provancha@nasa.gov), Eric Reyier (eric.a.reyier@nasa.gov), Douglas Scheidt (douglas.m.scheidt@nasa.gov)"
"HCTS","HCTS-A69-9007-6140-2022-02-17","Limulus polyphemus","horseshoe crab","2023-10-24","KSC","KSC","IR3","133260",NA,NA,"A69-9007-6140","A69-9007","A69-9007-6140",184,NA,NA,"ADC","2022-03-10 23:50:13","UTC",-80.80634,28.64989,"0101000020E61000003A5D16139B3354C058FFE7305FA63C40",2022,3,10,69,23.8369444444444,"","","Reyier, E., Provancha, J., Ahr, B., Scheidt, D., Holloway-Adkins, K. 2008. Life History Studies of Sportfish, Sharks, and Sea Turtles in Estuarine and Nearshore Waters at Cape Canaveral, Florida, USA","KSC-A69-9007-6140-7372140","Eric Reyier (eric.a.reyier@nasa.gov)","Bonnie Ahr (bonnie.j.ahr@nasa.gov), Karen Holloway-Adkins (kholloway-adkins@eastcoastbiologists.org), Jane Provancha (jane.a.provancha@nasa.gov), Eric Reyier (eric.a.reyier@nasa.gov), Douglas Scheidt (douglas.m.scheidt@nasa.gov)"
"HCTS","HCTS-A69-9007-6140-2022-02-17","Limulus polyphemus","horseshoe crab","2023-10-24","KSC","KSC","IR3","133260",NA,NA,"A69-9007-6140","A69-9007","A69-9007-6140",183,NA,NA,"ADC","2022-03-10 23:54:48","UTC",-80.80634,28.64989,"0101000020E61000003A5D16139B3354C058FFE7305FA63C40",2022,3,10,69,23.9133333333333,"","","Reyier, E., Provancha, J., Ahr, B., Scheidt, D., Holloway-Adkins, K. 2008. Life History Studies of Sportfish, Sharks, and Sea Turtles in Estuarine and Nearshore Waters at Cape Canaveral, Florida, USA","KSC-A69-9007-6140-7372155","Eric Reyier (eric.a.reyier@nasa.gov)","Bonnie Ahr (bonnie.j.ahr@nasa.gov), Karen Holloway-Adkins (kholloway-adkins@eastcoastbiologists.org), Jane Provancha (jane.a.provancha@nasa.gov), Eric Reyier (eric.a.reyier@nasa.gov), Douglas Scheidt (douglas.m.scheidt@nasa.gov)"
"HCTS","HCTS-A69-9007-6140-2022-02-17","Limulus polyphemus","horseshoe crab","2023-10-24","KSC","KSC","IR3","133260",NA,NA,"A69-9007-6140","A69-9007","A69-9007-6140",183,NA,NA,"ADC","2022-03-10 23:59:04","UTC",-80.80634,28.64989,"0101000020E61000003A5D16139B3354C058FFE7305FA63C40",2022,3,10,69,23.9844444444444,"","","Reyier, E., Provancha, J., Ahr, B., Scheidt, D., Holloway-Adkins, K. 2008. Life History Studies of Sportfish, Sharks, and Sea Turtles in Estuarine and Nearshore Waters at Cape Canaveral, Florida, USA","KSC-A69-9007-6140-7372167","Eric Reyier (eric.a.reyier@nasa.gov)","Bonnie Ahr (bonnie.j.ahr@nasa.gov), Karen Holloway-Adkins (kholloway-adkins@eastcoastbiologists.org), Jane Provancha (jane.a.provancha@nasa.gov), Eric Reyier (eric.a.reyier@nasa.gov), Douglas Scheidt (douglas.m.scheidt@nasa.gov)"
"HCTS","HCTS-A69-9007-6140-2022-02-17","Limulus polyphemus","horseshoe crab","2023-10-24","KSC","KSC","IR3","133260",NA,NA,"A69-9007-6140","A69-9007","A69-9007-6140",183,NA,NA,"ADC","2022-03-11 00:02:42","UTC",-80.80634,28.64989,"0101000020E61000003A5D16139B3354C058FFE7305FA63C40",2022,3,11,70,0.045,"","","Reyier, E., Provancha, J., Ahr, B., Scheidt, D., Holloway-Adkins, K. 2008. Life History Studies of Sportfish, Sharks, and Sea Turtles in Estuarine and Nearshore Waters at Cape Canaveral, Florida, USA","KSC-A69-9007-6140-7372184","Eric Reyier (eric.a.reyier@nasa.gov)","Bonnie Ahr (bonnie.j.ahr@nasa.gov), Karen Holloway-Adkins (kholloway-adkins@eastcoastbiologists.org), Jane Provancha (jane.a.provancha@nasa.gov), Eric Reyier (eric.a.reyier@nasa.gov), Douglas Scheidt (douglas.m.scheidt@nasa.gov)"
"HCTS","HCTS-A69-9007-6140-2022-02-17","Limulus polyphemus","horseshoe crab","2023-10-24","KSC","KSC","IR3","133260",NA,NA,"A69-9007-6140","A69-9007","A69-9007-6140",184,NA,NA,"ADC","2022-03-11 00:16:14","UTC",-80.80634,28.64989,"0101000020E61000003A5D16139B3354C058FFE7305FA63C40",2022,3,11,70,0.270555555555556,"","","Reyier, E., Provancha, J., Ahr, B., Scheidt, D., Holloway-Adkins, K. 2008. Life History Studies of Sportfish, Sharks, and Sea Turtles in Estuarine and Nearshore Waters at Cape Canaveral, Florida, USA","KSC-A69-9007-6140-7372225","Eric Reyier (eric.a.reyier@nasa.gov)","Bonnie Ahr (bonnie.j.ahr@nasa.gov), Karen Holloway-Adkins (kholloway-adkins@eastcoastbiologists.org), Jane Provancha (jane.a.provancha@nasa.gov), Eric Reyier (eric.a.reyier@nasa.gov), Douglas Scheidt (douglas.m.scheidt@nasa.gov)"
"HCTS","HCTS-A69-9007-6140-2022-02-17","Limulus polyphemus","horseshoe crab","2023-10-24","KSC","KSC","IR3","133260",NA,NA,"A69-9007-6140","A69-9007","A69-9007-6140",183,NA,NA,"ADC","2022-03-11 06:47:55","UTC",-80.80634,28.64989,"0101000020E61000003A5D16139B3354C058FFE7305FA63C40",2022,3,11,70,6.79861111111111,"","","Reyier, E., Provancha, J., Ahr, B., Scheidt, D., Holloway-Adkins, K. 2008. Life History Studies of Sportfish, Sharks, and Sea Turtles in Estuarine and Nearshore Waters at Cape Canaveral, Florida, USA","KSC-A69-9007-6140-7373345","Eric Reyier (eric.a.reyier@nasa.gov)","Bonnie Ahr (bonnie.j.ahr@nasa.gov), Karen Holloway-Adkins (kholloway-adkins@eastcoastbiologists.org), Jane Provancha (jane.a.provancha@nasa.gov), Eric Reyier (eric.a.reyier@nasa.gov), Douglas Scheidt (douglas.m.scheidt@nasa.gov)"
"HCTS","HCTS-A69-9007-6140-2022-02-17","Limulus polyphemus","horseshoe crab","2023-10-24","KSC","KSC","IR3","133260",NA,NA,"A69-9007-6140","A69-9007","A69-9007-6140",183,NA,NA,"ADC","2022-03-11 07:17:08","UTC",-80.80634,28.64989,"0101000020E61000003A5D16139B3354C058FFE7305FA63C40",2022,3,11,70,7.28555555555556,"","","Reyier, E., Provancha, J., Ahr, B., Scheidt, D., Holloway-Adkins, K. 2008. Life History Studies of Sportfish, Sharks, and Sea Turtles in Estuarine and Nearshore Waters at Cape Canaveral, Florida, USA","KSC-A69-9007-6140-7373431","Eric Reyier (eric.a.reyier@nasa.gov)","Bonnie Ahr (bonnie.j.ahr@nasa.gov), Karen Holloway-Adkins (kholloway-adkins@eastcoastbiologists.org), Jane Provancha (jane.a.provancha@nasa.gov), Eric Reyier (eric.a.reyier@nasa.gov), Douglas Scheidt (douglas.m.scheidt@nasa.gov)"
"HCTS","HCTS-A69-9007-6140-2022-02-17","Limulus polyphemus","horseshoe crab","2023-10-24","KSC","KSC","IR3","133260",NA,NA,"A69-9007-6140","A69-9007","A69-9007-6140",183,NA,NA,"ADC","2022-03-11 07:21:47","UTC",-80.80634,28.64989,"0101000020E61000003A5D16139B3354C058FFE7305FA63C40",2022,3,11,70,7.36305555555556,"","","Reyier, E., Provancha, J., Ahr, B., Scheidt, D., Holloway-Adkins, K. 2008. Life History Studies of Sportfish, Sharks, and Sea Turtles in Estuarine and Nearshore Waters at Cape Canaveral, Florida, USA","KSC-A69-9007-6140-7373445","Eric Reyier (eric.a.reyier@nasa.gov)","Bonnie Ahr (bonnie.j.ahr@nasa.gov), Karen Holloway-Adkins (kholloway-adkins@eastcoastbiologists.org), Jane Provancha (jane.a.provancha@nasa.gov), Eric Reyier (eric.a.reyier@nasa.gov), Douglas Scheidt (douglas.m.scheidt@nasa.gov)"
"HCTS","HCTS-A69-9007-6140-2022-02-17","Limulus polyphemus","horseshoe crab","2023-10-24","KSC","KSC","IR3","133260",NA,NA,"A69-9007-6140","A69-9007","A69-9007-6140",183,NA,NA,"ADC","2022-03-11 07:26:13","UTC",-80.80634,28.64989,"0101000020E61000003A5D16139B3354C058FFE7305FA63C40",2022,3,11,70,7.43694444444444,"","","Reyier, E., Provancha, J., Ahr, B., Scheidt, D., Holloway-Adkins, K. 2008. Life History Studies of Sportfish, Sharks, and Sea Turtles in Estuarine and Nearshore Waters at Cape Canaveral, Florida, USA","KSC-A69-9007-6140-7373459","Eric Reyier (eric.a.reyier@nasa.gov)","Bonnie Ahr (bonnie.j.ahr@nasa.gov), Karen Holloway-Adkins (kholloway-adkins@eastcoastbiologists.org), Jane Provancha (jane.a.provancha@nasa.gov), Eric Reyier (eric.a.reyier@nasa.gov), Douglas Scheidt (douglas.m.scheidt@nasa.gov)"
"HCTS","HCTS-A69-9007-6140-2022-02-17","Limulus polyphemus","horseshoe crab","2023-10-24","KSC","KSC","IR3","133260",NA,NA,"A69-9007-6140","A69-9007","A69-9007-6140",183,NA,NA,"ADC","2022-03-11 07:30:09","UTC",-80.80634,28.64989,"0101000020E61000003A5D16139B3354C058FFE7305FA63C40",2022,3,11,70,7.5025,"","","Reyier, E., Provancha, J., Ahr, B., Scheidt, D., Holloway-Adkins, K. 2008. Life History Studies of Sportfish, Sharks, and Sea Turtles in Estuarine and Nearshore Waters at Cape Canaveral, Florida, USA","KSC-A69-9007-6140-7373474","Eric Reyier (eric.a.reyier@nasa.gov)","Bonnie Ahr (bonnie.j.ahr@nasa.gov), Karen Holloway-Adkins (kholloway-adkins@eastcoastbiologists.org), Jane Provancha (jane.a.provancha@nasa.gov), Eric Reyier (eric.a.reyier@nasa.gov), Douglas Scheidt (douglas.m.scheidt@nasa.gov)"
"HCTS","HCTS-A69-9007-6140-2022-02-17","Limulus polyphemus","horseshoe crab","2023-10-24","KSC","KSC","IR3","133260",NA,NA,"A69-9007-6140","A69-9007","A69-9007-6140",183,NA,NA,"ADC","2022-03-11 07:34:47","UTC",-80.80634,28.64989,"0101000020E61000003A5D16139B3354C058FFE7305FA63C40",2022,3,11,70,7.57972222222222,"","","Reyier, E., Provancha, J., Ahr, B., Scheidt, D., Holloway-Adkins, K. 2008. Life History Studies of Sportfish, Sharks, and Sea Turtles in Estuarine and Nearshore Waters at Cape Canaveral, Florida, USA","KSC-A69-9007-6140-7373490","Eric Reyier (eric.a.reyier@nasa.gov)","Bonnie Ahr (bonnie.j.ahr@nasa.gov), Karen Holloway-Adkins (kholloway-adkins@eastcoastbiologists.org), Jane Provancha (jane.a.provancha@nasa.gov), Eric Reyier (eric.a.reyier@nasa.gov), Douglas Scheidt (douglas.m.scheidt@nasa.gov)"
"HCTS","HCTS-A69-9007-6140-2022-02-17","Limulus polyphemus","horseshoe crab","2023-10-24","KSC","KSC","IR3","133260",NA,NA,"A69-9007-6140","A69-9007","A69-9007-6140",182,NA,NA,"ADC","2022-03-11 07:42:54","UTC",-80.80634,28.64989,"0101000020E61000003A5D16139B3354C058FFE7305FA63C40",2022,3,11,70,7.715,"","","Reyier, E., Provancha, J., Ahr, B., Scheidt, D., Holloway-Adkins, K. 2008. Life History Studies of Sportfish, Sharks, and Sea Turtles in Estuarine and Nearshore Waters at Cape Canaveral, Florida, USA","KSC-A69-9007-6140-7373518","Eric Reyier (eric.a.reyier@nasa.gov)","Bonnie Ahr (bonnie.j.ahr@nasa.gov), Karen Holloway-Adkins (kholloway-adkins@eastcoastbiologists.org), Jane Provancha (jane.a.provancha@nasa.gov), Eric Reyier (eric.a.reyier@nasa.gov), Douglas Scheidt (douglas.m.scheidt@nasa.gov)"
"HCTS","HCTS-A69-9007-6140-2022-02-17","Limulus polyphemus","horseshoe crab","2023-10-24","KSC","KSC","IR3","133260",NA,NA,"A69-9007-6140","A69-9007","A69-9007-6140",182,NA,NA,"ADC","2022-03-11 07:47:13","UTC",-80.80634,28.64989,"0101000020E61000003A5D16139B3354C058FFE7305FA63C40",2022,3,11,70,7.78694444444444,"","","Reyier, E., Provancha, J., Ahr, B., Scheidt, D., Holloway-Adkins, K. 2008. Life History Studies of Sportfish, Sharks, and Sea Turtles in Estuarine and Nearshore Waters at Cape Canaveral, Florida, USA","KSC-A69-9007-6140-7373534","Eric Reyier (eric.a.reyier@nasa.gov)","Bonnie Ahr (bonnie.j.ahr@nasa.gov), Karen Holloway-Adkins (kholloway-adkins@eastcoastbiologists.org), Jane Provancha (jane.a.provancha@nasa.gov), Eric Reyier (eric.a.reyier@nasa.gov), Douglas Scheidt (douglas.m.scheidt@nasa.gov)"
"HCTS","HCTS-A69-9007-6140-2022-02-17","Limulus polyphemus","horseshoe crab","2023-10-24","KSC","KSC","IR3","133260",NA,NA,"A69-9007-6140","A69-9007","A69-9007-6140",183,NA,NA,"ADC","2022-03-11 07:50:57","UTC",-80.80634,28.64989,"0101000020E61000003A5D16139B3354C058FFE7305FA63C40",2022,3,11,70,7.84916666666667,"","","Reyier, E., Provancha, J., Ahr, B., Scheidt, D., Holloway-Adkins, K. 2008. Life History Studies of Sportfish, Sharks, and Sea Turtles in Estuarine and Nearshore Waters at Cape Canaveral, Florida, USA","KSC-A69-9007-6140-7373544","Eric Reyier (eric.a.reyier@nasa.gov)","Bonnie Ahr (bonnie.j.ahr@nasa.gov), Karen Holloway-Adkins (kholloway-adkins@eastcoastbiologists.org), Jane Provancha (jane.a.provancha@nasa.gov), Eric Reyier (eric.a.reyier@nasa.gov), Douglas Scheidt (douglas.m.scheidt@nasa.gov)"
"HCTS","HCTS-A69-9007-6140-2022-02-17","Limulus polyphemus","horseshoe crab","2023-10-24","KSC","KSC","IR3","133260",NA,NA,"A69-9007-6140","A69-9007","A69-9007-6140",182,NA,NA,"ADC","2022-03-11 07:55:11","UTC",-80.80634,28.64989,"0101000020E61000003A5D16139B3354C058FFE7305FA63C40",2022,3,11,70,7.91972222222222,"","","Reyier, E., Provancha, J., Ahr, B., Scheidt, D., Holloway-Adkins, K. 2008. Life History Studies of Sportfish, Sharks, and Sea Turtles in Estuarine and Nearshore Waters at Cape Canaveral, Florida, USA","KSC-A69-9007-6140-7373560","Eric Reyier (eric.a.reyier@nasa.gov)","Bonnie Ahr (bonnie.j.ahr@nasa.gov), Karen Holloway-Adkins (kholloway-adkins@eastcoastbiologists.org), Jane Provancha (jane.a.provancha@nasa.gov), Eric Reyier (eric.a.reyier@nasa.gov), Douglas Scheidt (douglas.m.scheidt@nasa.gov)"
"HCTS","HCTS-A69-9007-6140-2022-02-17","Limulus polyphemus","horseshoe crab","2023-10-24","KSC","KSC","IR3","133260",NA,NA,"A69-9007-6140","A69-9007","A69-9007-6140",182,NA,NA,"ADC","2022-03-11 07:58:44","UTC",-80.80634,28.64989,"0101000020E61000003A5D16139B3354C058FFE7305FA63C40",2022,3,11,70,7.97888888888889,"","","Reyier, E., Provancha, J., Ahr, B., Scheidt, D., Holloway-Adkins, K. 2008. Life History Studies of Sportfish, Sharks, and Sea Turtles in Estuarine and Nearshore Waters at Cape Canaveral, Florida, USA","KSC-A69-9007-6140-7373570","Eric Reyier (eric.a.reyier@nasa.gov)","Bonnie Ahr (bonnie.j.ahr@nasa.gov), Karen Holloway-Adkins (kholloway-adkins@eastcoastbiologists.org), Jane Provancha (jane.a.provancha@nasa.gov), Eric Reyier (eric.a.reyier@nasa.gov), Douglas Scheidt (douglas.m.scheidt@nasa.gov)"
"HCTS","HCTS-A69-9007-6140-2022-02-17","Limulus polyphemus","horseshoe crab","2023-10-24","KSC","KSC","IR3","133260",NA,NA,"A69-9007-6140","A69-9007","A69-9007-6140",183,NA,NA,"ADC","2022-03-11 08:02:36","UTC",-80.80634,28.64989,"0101000020E61000003A5D16139B3354C058FFE7305FA63C40",2022,3,11,70,8.04333333333333,"","","Reyier, E., Provancha, J., Ahr, B., Scheidt, D., Holloway-Adkins, K. 2008. Life History Studies of Sportfish, Sharks, and Sea Turtles in Estuarine and Nearshore Waters at Cape Canaveral, Florida, USA","KSC-A69-9007-6140-7373581","Eric Reyier (eric.a.reyier@nasa.gov)","Bonnie Ahr (bonnie.j.ahr@nasa.gov), Karen Holloway-Adkins (kholloway-adkins@eastcoastbiologists.org), Jane Provancha (jane.a.provancha@nasa.gov), Eric Reyier (eric.a.reyier@nasa.gov), Douglas Scheidt (douglas.m.scheidt@nasa.gov)"
"HCTS","HCTS-A69-9007-6140-2022-02-17","Limulus polyphemus","horseshoe crab","2023-10-24","KSC","KSC","IR3","133260",NA,NA,"A69-9007-6140","A69-9007","A69-9007-6140",183,NA,NA,"ADC","2022-03-11 08:07:05","UTC",-80.80634,28.64989,"0101000020E61000003A5D16139B3354C058FFE7305FA63C40",2022,3,11,70,8.11805555555556,"","","Reyier, E., Provancha, J., Ahr, B., Scheidt, D., Holloway-Adkins, K. 2008. Life History Studies of Sportfish, Sharks, and Sea Turtles in Estuarine and Nearshore Waters at Cape Canaveral, Florida, USA","KSC-A69-9007-6140-7373598","Eric Reyier (eric.a.reyier@nasa.gov)","Bonnie Ahr (bonnie.j.ahr@nasa.gov), Karen Holloway-Adkins (kholloway-adkins@eastcoastbiologists.org), Jane Provancha (jane.a.provancha@nasa.gov), Eric Reyier (eric.a.reyier@nasa.gov), Douglas Scheidt (douglas.m.scheidt@nasa.gov)"
"HCTS","HCTS-A69-9007-6140-2022-02-17","Limulus polyphemus","horseshoe crab","2023-10-24","KSC","KSC","IR3","133260",NA,NA,"A69-9007-6140","A69-9007","A69-9007-6140",183,NA,NA,"ADC","2022-03-11 08:11:08","UTC",-80.80634,28.64989,"0101000020E61000003A5D16139B3354C058FFE7305FA63C40",2022,3,11,70,8.18555555555556,"","","Reyier, E., Provancha, J., Ahr, B., Scheidt, D., Holloway-Adkins, K. 2008. Life History Studies of Sportfish, Sharks, and Sea Turtles in Estuarine and Nearshore Waters at Cape Canaveral, Florida, USA","KSC-A69-9007-6140-7373615","Eric Reyier (eric.a.reyier@nasa.gov)","Bonnie Ahr (bonnie.j.ahr@nasa.gov), Karen Holloway-Adkins (kholloway-adkins@eastcoastbiologists.org), Jane Provancha (jane.a.provancha@nasa.gov), Eric Reyier (eric.a.reyier@nasa.gov), Douglas Scheidt (douglas.m.scheidt@nasa.gov)"
"HCTS","HCTS-A69-9007-6140-2022-02-17","Limulus polyphemus","horseshoe crab","2023-10-24","KSC","KSC","IR3","133260",NA,NA,"A69-9007-6140","A69-9007","A69-9007-6140",182,NA,NA,"ADC","2022-03-11 08:16:00","UTC",-80.80634,28.64989,"0101000020E61000003A5D16139B3354C058FFE7305FA63C40",2022,3,11,70,8.26666666666667,"","","Reyier, E., Provancha, J., Ahr, B., Scheidt, D., Holloway-Adkins, K. 2008. Life History Studies of Sportfish, Sharks, and Sea Turtles in Estuarine and Nearshore Waters at Cape Canaveral, Florida, USA","KSC-A69-9007-6140-7373635","Eric Reyier (eric.a.reyier@nasa.gov)","Bonnie Ahr (bonnie.j.ahr@nasa.gov), Karen Holloway-Adkins (kholloway-adkins@eastcoastbiologists.org), Jane Provancha (jane.a.provancha@nasa.gov), Eric Reyier (eric.a.reyier@nasa.gov), Douglas Scheidt (douglas.m.scheidt@nasa.gov)"
"HCTS","HCTS-A69-9007-6140-2022-02-17","Limulus polyphemus","horseshoe crab","2023-10-24","KSC","KSC","IR3","133260",NA,NA,"A69-9007-6140","A69-9007","A69-9007-6140",182,NA,NA,"ADC","2022-03-11 08:20:48","UTC",-80.80634,28.64989,"0101000020E61000003A5D16139B3354C058FFE7305FA63C40",2022,3,11,70,8.34666666666667,"","","Reyier, E., Provancha, J., Ahr, B., Scheidt, D., Holloway-Adkins, K. 2008. Life History Studies of Sportfish, Sharks, and Sea Turtles in Estuarine and Nearshore Waters at Cape Canaveral, Florida, USA","KSC-A69-9007-6140-7373653","Eric Reyier (eric.a.reyier@nasa.gov)","Bonnie Ahr (bonnie.j.ahr@nasa.gov), Karen Holloway-Adkins (kholloway-adkins@eastcoastbiologists.org), Jane Provancha (jane.a.provancha@nasa.gov), Eric Reyier (eric.a.reyier@nasa.gov), Douglas Scheidt (douglas.m.scheidt@nasa.gov)"
"HCTS","HCTS-A69-9007-6140-2022-02-17","Limulus polyphemus","horseshoe crab","2023-10-24","KSC","KSC","IR3","133260",NA,NA,"A69-9007-6140","A69-9007","A69-9007-6140",182,NA,NA,"ADC","2022-03-11 08:25:32","UTC",-80.80634,28.64989,"0101000020E61000003A5D16139B3354C058FFE7305FA63C40",2022,3,11,70,8.42555555555555,"","","Reyier, E., Provancha, J., Ahr, B., Scheidt, D., Holloway-Adkins, K. 2008. Life History Studies of Sportfish, Sharks, and Sea Turtles in Estuarine and Nearshore Waters at Cape Canaveral, Florida, USA","KSC-A69-9007-6140-7373663","Eric Reyier (eric.a.reyier@nasa.gov)","Bonnie Ahr (bonnie.j.ahr@nasa.gov), Karen Holloway-Adkins (kholloway-adkins@eastcoastbiologists.org), Jane Provancha (jane.a.provancha@nasa.gov), Eric Reyier (eric.a.reyier@nasa.gov), Douglas Scheidt (douglas.m.scheidt@nasa.gov)"
"HCTS","HCTS-A69-9007-6140-2022-02-17","Limulus polyphemus","horseshoe crab","2023-10-24","KSC","KSC","IR3","133260",NA,NA,"A69-9007-6140","A69-9007","A69-9007-6140",182,NA,NA,"ADC","2022-03-11 08:30:04","UTC",-80.80634,28.64989,"0101000020E61000003A5D16139B3354C058FFE7305FA63C40",2022,3,11,70,8.50111111111111,"","","Reyier, E., Provancha, J., Ahr, B., Scheidt, D., Holloway-Adkins, K. 2008. Life History Studies of Sportfish, Sharks, and Sea Turtles in Estuarine and Nearshore Waters at Cape Canaveral, Florida, USA","KSC-A69-9007-6140-7373676","Eric Reyier (eric.a.reyier@nasa.gov)","Bonnie Ahr (bonnie.j.ahr@nasa.gov), Karen Holloway-Adkins (kholloway-adkins@eastcoastbiologists.org), Jane Provancha (jane.a.provancha@nasa.gov), Eric Reyier (eric.a.reyier@nasa.gov), Douglas Scheidt (douglas.m.scheidt@nasa.gov)"
"HCTS","HCTS-A69-9007-6140-2022-02-17","Limulus polyphemus","horseshoe crab","2023-10-24","KSC","KSC","IR3","133260",NA,NA,"A69-9007-6140","A69-9007","A69-9007-6140",181,NA,NA,"ADC","2022-03-11 08:37:40","UTC",-80.80634,28.64989,"0101000020E61000003A5D16139B3354C058FFE7305FA63C40",2022,3,11,70,8.62777777777778,"","","Reyier, E., Provancha, J., Ahr, B., Scheidt, D., Holloway-Adkins, K. 2008. Life History Studies of Sportfish, Sharks, and Sea Turtles in Estuarine and Nearshore Waters at Cape Canaveral, Florida, USA","KSC-A69-9007-6140-7373695","Eric Reyier (eric.a.reyier@nasa.gov)","Bonnie Ahr (bonnie.j.ahr@nasa.gov), Karen Holloway-Adkins (kholloway-adkins@eastcoastbiologists.org), Jane Provancha (jane.a.provancha@nasa.gov), Eric Reyier (eric.a.reyier@nasa.gov), Douglas Scheidt (douglas.m.scheidt@nasa.gov)"
"HCTS","HCTS-A69-9007-6140-2022-02-17","Limulus polyphemus","horseshoe crab","2023-10-24","KSC","KSC","IR3","133260",NA,NA,"A69-9007-6140","A69-9007","A69-9007-6140",181,NA,NA,"ADC","2022-03-11 08:45:19","UTC",-80.80634,28.64989,"0101000020E61000003A5D16139B3354C058FFE7305FA63C40",2022,3,11,70,8.75527777777778,"","","Reyier, E., Provancha, J., Ahr, B., Scheidt, D., Holloway-Adkins, K. 2008. Life History Studies of Sportfish, Sharks, and Sea Turtles in Estuarine and Nearshore Waters at Cape Canaveral, Florida, USA","KSC-A69-9007-6140-7373714","Eric Reyier (eric.a.reyier@nasa.gov)","Bonnie Ahr (bonnie.j.ahr@nasa.gov), Karen Holloway-Adkins (kholloway-adkins@eastcoastbiologists.org), Jane Provancha (jane.a.provancha@nasa.gov), Eric Reyier (eric.a.reyier@nasa.gov), Douglas Scheidt (douglas.m.scheidt@nasa.gov)"
"HCTS","HCTS-A69-9007-6140-2022-02-17","Limulus polyphemus","horseshoe crab","2023-10-24","KSC","KSC","IR3","133260",NA,NA,"A69-9007-6140","A69-9007","A69-9007-6140",180,NA,NA,"ADC","2022-03-11 08:59:13","UTC",-80.80634,28.64989,"0101000020E61000003A5D16139B3354C058FFE7305FA63C40",2022,3,11,70,8.98694444444444,"","","Reyier, E., Provancha, J., Ahr, B., Scheidt, D., Holloway-Adkins, K. 2008. Life History Studies of Sportfish, Sharks, and Sea Turtles in Estuarine and Nearshore Waters at Cape Canaveral, Florida, USA","KSC-A69-9007-6140-7373758","Eric Reyier (eric.a.reyier@nasa.gov)","Bonnie Ahr (bonnie.j.ahr@nasa.gov), Karen Holloway-Adkins (kholloway-adkins@eastcoastbiologists.org), Jane Provancha (jane.a.provancha@nasa.gov), Eric Reyier (eric.a.reyier@nasa.gov), Douglas Scheidt (douglas.m.scheidt@nasa.gov)"
"HCTS","HCTS-A69-9007-6140-2022-02-17","Limulus polyphemus","horseshoe crab","2023-10-24","KSC","KSC","IR3","133260",NA,NA,"A69-9007-6140","A69-9007","A69-9007-6140",180,NA,NA,"ADC","2022-03-11 09:03:12","UTC",-80.80634,28.64989,"0101000020E61000003A5D16139B3354C058FFE7305FA63C40",2022,3,11,70,9.05333333333333,"","","Reyier, E., Provancha, J., Ahr, B., Scheidt, D., Holloway-Adkins, K. 2008. Life History Studies of Sportfish, Sharks, and Sea Turtles in Estuarine and Nearshore Waters at Cape Canaveral, Florida, USA","KSC-A69-9007-6140-7373766","Eric Reyier (eric.a.reyier@nasa.gov)","Bonnie Ahr (bonnie.j.ahr@nasa.gov), Karen Holloway-Adkins (kholloway-adkins@eastcoastbiologists.org), Jane Provancha (jane.a.provancha@nasa.gov), Eric Reyier (eric.a.reyier@nasa.gov), Douglas Scheidt (douglas.m.scheidt@nasa.gov)"
"HCTS","HCTS-A69-9007-6140-2022-02-17","Limulus polyphemus","horseshoe crab","2023-10-24","KSC","KSC","IR3","133260",NA,NA,"A69-9007-6140","A69-9007","A69-9007-6140",180,NA,NA,"ADC","2022-03-11 09:07:55","UTC",-80.80634,28.64989,"0101000020E61000003A5D16139B3354C058FFE7305FA63C40",2022,3,11,70,9.13194444444444,"","","Reyier, E., Provancha, J., Ahr, B., Scheidt, D., Holloway-Adkins, K. 2008. Life History Studies of Sportfish, Sharks, and Sea Turtles in Estuarine and Nearshore Waters at Cape Canaveral, Florida, USA","KSC-A69-9007-6140-7373777","Eric Reyier (eric.a.reyier@nasa.gov)","Bonnie Ahr (bonnie.j.ahr@nasa.gov), Karen Holloway-Adkins (kholloway-adkins@eastcoastbiologists.org), Jane Provancha (jane.a.provancha@nasa.gov), Eric Reyier (eric.a.reyier@nasa.gov), Douglas Scheidt (douglas.m.scheidt@nasa.gov)"
"HCTS","HCTS-A69-9007-6140-2022-02-17","Limulus polyphemus","horseshoe crab","2023-10-24","KSC","KSC","IR3","133260",NA,NA,"A69-9007-6140","A69-9007","A69-9007-6140",180,NA,NA,"ADC","2022-03-11 09:12:26","UTC",-80.80634,28.64989,"0101000020E61000003A5D16139B3354C058FFE7305FA63C40",2022,3,11,70,9.20722222222222,"","","Reyier, E., Provancha, J., Ahr, B., Scheidt, D., Holloway-Adkins, K. 2008. Life History Studies of Sportfish, Sharks, and Sea Turtles in Estuarine and Nearshore Waters at Cape Canaveral, Florida, USA","KSC-A69-9007-6140-7373788","Eric Reyier (eric.a.reyier@nasa.gov)","Bonnie Ahr (bonnie.j.ahr@nasa.gov), Karen Holloway-Adkins (kholloway-adkins@eastcoastbiologists.org), Jane Provancha (jane.a.provancha@nasa.gov), Eric Reyier (eric.a.reyier@nasa.gov), Douglas Scheidt (douglas.m.scheidt@nasa.gov)"
"HCTS","HCTS-A69-9007-6140-2022-02-17","Limulus polyphemus","horseshoe crab","2023-10-24","KSC","KSC","IR3","133260",NA,NA,"A69-9007-6140","A69-9007","A69-9007-6140",180,NA,NA,"ADC","2022-03-11 09:23:30","UTC",-80.80634,28.64989,"0101000020E61000003A5D16139B3354C058FFE7305FA63C40",2022,3,11,70,9.39166666666667,"","","Reyier, E., Provancha, J., Ahr, B., Scheidt, D., Holloway-Adkins, K. 2008. Life History Studies of Sportfish, Sharks, and Sea Turtles in Estuarine and Nearshore Waters at Cape Canaveral, Florida, USA","KSC-A69-9007-6140-7373819","Eric Reyier (eric.a.reyier@nasa.gov)","Bonnie Ahr (bonnie.j.ahr@nasa.gov), Karen Holloway-Adkins (kholloway-adkins@eastcoastbiologists.org), Jane Provancha (jane.a.provancha@nasa.gov), Eric Reyier (eric.a.reyier@nasa.gov), Douglas Scheidt (douglas.m.scheidt@nasa.gov)"
"HCTS","HCTS-A69-9007-6140-2022-02-17","Limulus polyphemus","horseshoe crab","2023-10-24","KSC","KSC","IR3","133260",NA,NA,"A69-9007-6140","A69-9007","A69-9007-6140",180,NA,NA,"ADC","2022-03-11 09:27:19","UTC",-80.80634,28.64989,"0101000020E61000003A5D16139B3354C058FFE7305FA63C40",2022,3,11,70,9.45527777777778,"","","Reyier, E., Provancha, J., Ahr, B., Scheidt, D., Holloway-Adkins, K. 2008. Life History Studies of Sportfish, Sharks, and Sea Turtles in Estuarine and Nearshore Waters at Cape Canaveral, Florida, USA","KSC-A69-9007-6140-7373827","Eric Reyier (eric.a.reyier@nasa.gov)","Bonnie Ahr (bonnie.j.ahr@nasa.gov), Karen Holloway-Adkins (kholloway-adkins@eastcoastbiologists.org), Jane Provancha (jane.a.provancha@nasa.gov), Eric Reyier (eric.a.reyier@nasa.gov), Douglas Scheidt (douglas.m.scheidt@nasa.gov)"
"HCTS","HCTS-A69-9007-6140-2022-02-17","Limulus polyphemus","horseshoe crab","2023-10-24","KSC","KSC","IR3","133260",NA,NA,"A69-9007-6140","A69-9007","A69-9007-6140",180,NA,NA,"ADC","2022-03-11 10:32:25","UTC",-80.80634,28.64989,"0101000020E61000003A5D16139B3354C058FFE7305FA63C40",2022,3,11,70,10.5402777777778,"","","Reyier, E., Provancha, J., Ahr, B., Scheidt, D., Holloway-Adkins, K. 2008. Life History Studies of Sportfish, Sharks, and Sea Turtles in Estuarine and Nearshore Waters at Cape Canaveral, Florida, USA","KSC-A69-9007-6140-7373999","Eric Reyier (eric.a.reyier@nasa.gov)","Bonnie Ahr (bonnie.j.ahr@nasa.gov), Karen Holloway-Adkins (kholloway-adkins@eastcoastbiologists.org), Jane Provancha (jane.a.provancha@nasa.gov), Eric Reyier (eric.a.reyier@nasa.gov), Douglas Scheidt (douglas.m.scheidt@nasa.gov)"
"HCTS","HCTS-A69-9007-6140-2022-02-17","Limulus polyphemus","horseshoe crab","2023-10-24","KSC","KSC","IR3","133260",NA,NA,"A69-9007-6140","A69-9007","A69-9007-6140",180,NA,NA,"ADC","2022-03-11 10:36:47","UTC",-80.80634,28.64989,"0101000020E61000003A5D16139B3354C058FFE7305FA63C40",2022,3,11,70,10.6130555555556,"","","Reyier, E., Provancha, J., Ahr, B., Scheidt, D., Holloway-Adkins, K. 2008. Life History Studies of Sportfish, Sharks, and Sea Turtles in Estuarine and Nearshore Waters at Cape Canaveral, Florida, USA","KSC-A69-9007-6140-7374009","Eric Reyier (eric.a.reyier@nasa.gov)","Bonnie Ahr (bonnie.j.ahr@nasa.gov), Karen Holloway-Adkins (kholloway-adkins@eastcoastbiologists.org), Jane Provancha (jane.a.provancha@nasa.gov), Eric Reyier (eric.a.reyier@nasa.gov), Douglas Scheidt (douglas.m.scheidt@nasa.gov)"
"HCTS","HCTS-A69-9007-6140-2022-02-17","Limulus polyphemus","horseshoe crab","2023-10-24","KSC","KSC","IR3","133260",NA,NA,"A69-9007-6140","A69-9007","A69-9007-6140",180,NA,NA,"ADC","2022-03-11 10:58:08","UTC",-80.80634,28.64989,"0101000020E61000003A5D16139B3354C058FFE7305FA63C40",2022,3,11,70,10.9688888888889,"","","Reyier, E., Provancha, J., Ahr, B., Scheidt, D., Holloway-Adkins, K. 2008. Life History Studies of Sportfish, Sharks, and Sea Turtles in Estuarine and Nearshore Waters at Cape Canaveral, Florida, USA","KSC-A69-9007-6140-7374062","Eric Reyier (eric.a.reyier@nasa.gov)","Bonnie Ahr (bonnie.j.ahr@nasa.gov), Karen Holloway-Adkins (kholloway-adkins@eastcoastbiologists.org), Jane Provancha (jane.a.provancha@nasa.gov), Eric Reyier (eric.a.reyier@nasa.gov), Douglas Scheidt (douglas.m.scheidt@nasa.gov)"
"HCTS","HCTS-A69-9007-6140-2022-02-17","Limulus polyphemus","horseshoe crab","2023-10-24","KSC","KSC","IR3","133260",NA,NA,"A69-9007-6140","A69-9007","A69-9007-6140",180,NA,NA,"ADC","2022-03-11 11:11:36","UTC",-80.80634,28.64989,"0101000020E61000003A5D16139B3354C058FFE7305FA63C40",2022,3,11,70,11.1933333333333,"","","Reyier, E., Provancha, J., Ahr, B., Scheidt, D., Holloway-Adkins, K. 2008. Life History Studies of Sportfish, Sharks, and Sea Turtles in Estuarine and Nearshore Waters at Cape Canaveral, Florida, USA","KSC-A69-9007-6140-7374097","Eric Reyier (eric.a.reyier@nasa.gov)","Bonnie Ahr (bonnie.j.ahr@nasa.gov), Karen Holloway-Adkins (kholloway-adkins@eastcoastbiologists.org), Jane Provancha (jane.a.provancha@nasa.gov), Eric Reyier (eric.a.reyier@nasa.gov), Douglas Scheidt (douglas.m.scheidt@nasa.gov)"
"HCTS","HCTS-A69-9007-6140-2022-02-17","Limulus polyphemus","horseshoe crab","2023-10-24","KSC","KSC","IR3","133260",NA,NA,"A69-9007-6140","A69-9007","A69-9007-6140",180,NA,NA,"ADC","2022-03-11 11:16:01","UTC",-80.80634,28.64989,"0101000020E61000003A5D16139B3354C058FFE7305FA63C40",2022,3,11,70,11.2669444444444,"","","Reyier, E., Provancha, J., Ahr, B., Scheidt, D., Holloway-Adkins, K. 2008. Life History Studies of Sportfish, Sharks, and Sea Turtles in Estuarine and Nearshore Waters at Cape Canaveral, Florida, USA","KSC-A69-9007-6140-7374106","Eric Reyier (eric.a.reyier@nasa.gov)","Bonnie Ahr (bonnie.j.ahr@nasa.gov), Karen Holloway-Adkins (kholloway-adkins@eastcoastbiologists.org), Jane Provancha (jane.a.provancha@nasa.gov), Eric Reyier (eric.a.reyier@nasa.gov), Douglas Scheidt (douglas.m.scheidt@nasa.gov)"
"HCTS","HCTS-A69-9007-6140-2022-02-17","Limulus polyphemus","horseshoe crab","2023-10-24","KSC","KSC","IR3","133260",NA,NA,"A69-9007-6140","A69-9007","A69-9007-6140",180,NA,NA,"ADC","2022-03-11 11:19:58","UTC",-80.80634,28.64989,"0101000020E61000003A5D16139B3354C058FFE7305FA63C40",2022,3,11,70,11.3327777777778,"","","Reyier, E., Provancha, J., Ahr, B., Scheidt, D., Holloway-Adkins, K. 2008. Life History Studies of Sportfish, Sharks, and Sea Turtles in Estuarine and Nearshore Waters at Cape Canaveral, Florida, USA","KSC-A69-9007-6140-7374113","Eric Reyier (eric.a.reyier@nasa.gov)","Bonnie Ahr (bonnie.j.ahr@nasa.gov), Karen Holloway-Adkins (kholloway-adkins@eastcoastbiologists.org), Jane Provancha (jane.a.provancha@nasa.gov), Eric Reyier (eric.a.reyier@nasa.gov), Douglas Scheidt (douglas.m.scheidt@nasa.gov)"
"HCTS","HCTS-A69-9007-6140-2022-02-17","Limulus polyphemus","horseshoe crab","2023-10-24","KSC","KSC","IR3","133260",NA,NA,"A69-9007-6140","A69-9007","A69-9007-6140",180,NA,NA,"ADC","2022-03-11 11:24:37","UTC",-80.80634,28.64989,"0101000020E61000003A5D16139B3354C058FFE7305FA63C40",2022,3,11,70,11.4102777777778,"","","Reyier, E., Provancha, J., Ahr, B., Scheidt, D., Holloway-Adkins, K. 2008. Life History Studies of Sportfish, Sharks, and Sea Turtles in Estuarine and Nearshore Waters at Cape Canaveral, Florida, USA","KSC-A69-9007-6140-7374128","Eric Reyier (eric.a.reyier@nasa.gov)","Bonnie Ahr (bonnie.j.ahr@nasa.gov), Karen Holloway-Adkins (kholloway-adkins@eastcoastbiologists.org), Jane Provancha (jane.a.provancha@nasa.gov), Eric Reyier (eric.a.reyier@nasa.gov), Douglas Scheidt (douglas.m.scheidt@nasa.gov)"
"HCTS","HCTS-A69-9007-6140-2022-02-17","Limulus polyphemus","horseshoe crab","2023-10-24","KSC","KSC","IR3","133260",NA,NA,"A69-9007-6140","A69-9007","A69-9007-6140",180,NA,NA,"ADC","2022-03-11 11:41:41","UTC",-80.80634,28.64989,"0101000020E61000003A5D16139B3354C058FFE7305FA63C40",2022,3,11,70,11.6947222222222,"","","Reyier, E., Provancha, J., Ahr, B., Scheidt, D., Holloway-Adkins, K. 2008. Life History Studies of Sportfish, Sharks, and Sea Turtles in Estuarine and Nearshore Waters at Cape Canaveral, Florida, USA","KSC-A69-9007-6140-7374162","Eric Reyier (eric.a.reyier@nasa.gov)","Bonnie Ahr (bonnie.j.ahr@nasa.gov), Karen Holloway-Adkins (kholloway-adkins@eastcoastbiologists.org), Jane Provancha (jane.a.provancha@nasa.gov), Eric Reyier (eric.a.reyier@nasa.gov), Douglas Scheidt (douglas.m.scheidt@nasa.gov)"
"HCTS","HCTS-A69-9007-6140-2022-02-17","Limulus polyphemus","horseshoe crab","2023-10-18","HCTSA","HCTSA","487551-W","487551",1.2,0.3,"A69-9007-6140","A69-9007","A69-9007-6140",186,NA,NA,"ADC","2022-03-11 19:09:05","UTC",-80.79027,28.62344,"0101000020E6100000A3409FC8933254C0AB048BC3999F3C40",2022,3,11,70,19.1513888888889,"Titusville","","Fusco, K., et al. 2021.","HCTSA-A69-9007-6140-46053","Kirk Fusco (kirk.fusco@floridadep.gov)","Kirk Fusco (kirk.fusco@floridadep.gov)"
"HCTS","HCTS-A69-9007-6140-2022-02-17","Limulus polyphemus","horseshoe crab","2023-10-18","HCTSA","HCTSA","487551-W","487551",1.2,0.3,"A69-9007-6140","A69-9007","A69-9007-6140",187,NA,NA,"ADC","2022-03-11 19:18:06","UTC",-80.79027,28.62344,"0101000020E6100000A3409FC8933254C0AB048BC3999F3C40",2022,3,11,70,19.3016666666667,"Titusville","","Fusco, K., et al. 2021.","HCTSA-A69-9007-6140-46064","Kirk Fusco (kirk.fusco@floridadep.gov)","Kirk Fusco (kirk.fusco@floridadep.gov)"
"HCTS","HCTS-A69-9007-6140-2022-02-17","Limulus polyphemus","horseshoe crab","2023-10-18","HCTSA","HCTSA","487551-W","487551",1.2,0.3,"A69-9007-6140","A69-9007","A69-9007-6140",187,NA,NA,"ADC","2022-03-11 19:21:58","UTC",-80.79027,28.62344,"0101000020E6100000A3409FC8933254C0AB048BC3999F3C40",2022,3,11,70,19.3661111111111,"Titusville","","Fusco, K., et al. 2021.","HCTSA-A69-9007-6140-46066","Kirk Fusco (kirk.fusco@floridadep.gov)","Kirk Fusco (kirk.fusco@floridadep.gov)"
"HCTS","HCTS-A69-9007-6140-2022-02-17","Limulus polyphemus","horseshoe crab","2023-10-18","HCTSA","HCTSA","487551-W","487551",1.2,0.3,"A69-9007-6140","A69-9007","A69-9007-6140",187,NA,NA,"ADC","2022-03-11 19:26:28","UTC",-80.79027,28.62344,"0101000020E6100000A3409FC8933254C0AB048BC3999F3C40",2022,3,11,70,19.4411111111111,"Titusville","","Fusco, K., et al. 2021.","HCTSA-A69-9007-6140-46072","Kirk Fusco (kirk.fusco@floridadep.gov)","Kirk Fusco (kirk.fusco@floridadep.gov)"
"HCTS","HCTS-A69-9007-6140-2022-02-17","Limulus polyphemus","horseshoe crab","2023-10-18","HCTSA","HCTSA","487551-W","487551",1.2,0.3,"A69-9007-6140","A69-9007","A69-9007-6140",186,NA,NA,"ADC","2022-03-11 19:30:32","UTC",-80.79027,28.62344,"0101000020E6100000A3409FC8933254C0AB048BC3999F3C40",2022,3,11,70,19.5088888888889,"Titusville","","Fusco, K., et al. 2021.","HCTSA-A69-9007-6140-46077","Kirk Fusco (kirk.fusco@floridadep.gov)","Kirk Fusco (kirk.fusco@floridadep.gov)"
"HCTS","HCTS-A69-9007-6140-2022-02-17","Limulus polyphemus","horseshoe crab","2023-10-18","HCTSA","HCTSA","487551-W","487551",1.2,0.3,"A69-9007-6140","A69-9007","A69-9007-6140",186,NA,NA,"ADC","2022-03-11 19:35:26","UTC",-80.79027,28.62344,"0101000020E6100000A3409FC8933254C0AB048BC3999F3C40",2022,3,11,70,19.5905555555556,"Titusville","","Fusco, K., et al. 2021.","HCTSA-A69-9007-6140-46080","Kirk Fusco (kirk.fusco@floridadep.gov)","Kirk Fusco (kirk.fusco@floridadep.gov)"
"HCTS","HCTS-A69-9007-6140-2022-02-17","Limulus polyphemus","horseshoe crab","2023-10-18","HCTSA","HCTSA","487551-W","487551",1.2,0.3,"A69-9007-6140","A69-9007","A69-9007-6140",187,NA,NA,"ADC","2022-03-11 19:45:14","UTC",-80.79027,28.62344,"0101000020E6100000A3409FC8933254C0AB048BC3999F3C40",2022,3,11,70,19.7538888888889,"Titusville","","Fusco, K., et al. 2021.","HCTSA-A69-9007-6140-46090","Kirk Fusco (kirk.fusco@floridadep.gov)","Kirk Fusco (kirk.fusco@floridadep.gov)"
"HCTS","HCTS-A69-9007-6140-2022-02-17","Limulus polyphemus","horseshoe crab","2023-08-20","HCTS","HCTS","Gator Creek","release",NA,NA,"A69-9007-6140","","",NA,NA,NA,"","2022-02-17 12:00:00","UTC",-80.78707,28.62756,"0101000020E61000006A6AD95A5F3254C07B4FE5B4A7A03C40",2022,2,17,48,12,"Gator Creek","AGE: Y; AGE_UNITS: Y,M,O","Fusco, K., et al. 2021.","HCTS-A69-9007-6140-2022-02-17-release-A69-9007-6140","Kirk Fusco (kirk.fusco@floridadep.gov)","Kirk Fusco (kirk.fusco@floridadep.gov)"
